Wavelength,Intensity
324.907733,705.0
325.17339567824854,640.0
325.4390577082402,640.0
325.70471908284435,671.0
325.97037979492995,710.0
326.23603983736626,687.0
326.50169920302244,708.0
326.7673578847678,709.0
327.0330158754714,697.0
327.2986731680023,718.0
327.56432975523006,728.0
327.8299856300235,708.0
328.0956407852518,720.0
328.36129521378444,699.0
328.62694890849036,696.0
328.89260186223873,710.0
329.1582540678989,719.0
329.42390551833995,731.0
329.68955620643095,716.0
329.95520612504123,696.0
330.22085526704,709.0
330.48650362529634,691.0
330.75215119267943,698.0
331.0177979620585,704.0
331.28344392630265,711.0
331.54908907828127,702.0
331.8147334108633,713.0
332.080376916918,706.0
332.34601958931455,711.0
332.6116614209222,707.0
332.8773024046101,724.0
333.14294253324726,711.0
333.4085817997031,695.0
333.67422019684665,690.0
333.9398577175471,722.0
334.20549435467376,691.0
334.4711301010957,707.0
334.7367649496821,691.0
335.00239889330214,696.0
335.2680319248251,697.0
335.53366403712005,707.0
335.7992952230561,692.0
336.06492547550266,683.0
336.3305547873287,705.0
336.5961831514035,718.0
336.86181056059627,687.0
337.1274370077761,710.0
337.3930624858122,691.0
337.6586869875738,703.0
337.92431050593,706.0
338.18993303375,717.0
338.45555456390304,725.0
338.7211750892583,701.0
338.9867946026848,689.0
339.25241309705194,708.0
339.5180305652288,708.0
339.78364700008444,701.0
340.04926239448827,700.0
340.3148767413094,702.0
340.5804900334169,698.0
340.84610226368,707.0
341.11171342496795,703.0
341.3773235101499,696.0
341.6429325120949,696.0
341.9085404236723,699.0
342.1741472377513,699.0
342.4397529472009,692.0
342.7053575448904,690.0
342.970961023689,702.0
343.23656337646577,715.0
343.50216459609004,705.0
343.76776467543084,704.0
344.03336360735744,698.0
344.298961384739,696.0
344.5645580004447,697.0
344.8301534473438,717.0
345.0957477183053,685.0
345.36134080619854,698.0
345.6269327038926,714.0
345.8925234042567,699.0
346.15811290016,700.0
346.4237011844718,707.0
346.689288250061,710.0
346.9548740897971,721.0
347.22045869654914,706.0
347.48604206318623,712.0
347.7516241825777,712.0
348.0172050475926,700.0
348.28278465110014,714.0
348.54836298596956,700.0
348.81394004507,701.0
349.07951582127066,697.0
349.34509030744067,692.0
349.61066349644926,698.0
349.87623538116554,716.0
350.14180595445873,712.0
350.40737520919805,711.0
350.6729431382527,706.0
350.9385097344918,700.0
351.2040749907844,685.0
351.4696389,686.0
351.73520145500754,705.0
352.00076264867624,694.0
352.26632247387533,704.0
352.531880923474,705.0
352.7974379903412,709.0
353.0629936673465,691.0
353.32854794735886,696.0
353.59410082324735,694.0
353.8596522878814,689.0
354.12520233413005,694.0
354.39075095486237,708.0
354.65629814294783,712.0
354.92184389125543,707.0
355.1873881926543,718.0
355.45293104001377,711.0
355.7184724262029,698.0
355.98401234409084,709.0
356.249550786547,712.0
356.51508774644026,707.0
356.78062321664,695.0
357.0461571900153,701.0
357.31168965943544,713.0
357.5772206177695,695.0
357.8427500578867,713.0
358.10827797265625,726.0
358.3738043549473,714.0
358.63932919762897,730.0
358.90485249357056,707.0
359.1703742356412,706.0
359.43589441670997,698.0
359.70141302964623,708.0
359.966930067319,714.0
360.23244552259763,700.0
360.49795938835115,718.0
360.76347165744875,714.0
361.0289823227597,693.0
361.2944913771531,706.0
361.55999881349817,717.0
361.82550462466406,692.0
362.09100880352,718.0
362.3565113429351,704.0
362.6220122357787,708.0
362.8875114749197,698.0
363.15300905322755,700.0
363.4185049635713,687.0
363.68399919882006,688.0
363.9494917518432,683.0
364.21498261550977,713.0
364.480471782689,710.0
364.74595924625,706.0
365.01144499906206,714.0
365.27692903399424,701.0
365.54241134391583,708.0
365.80789192169595,714.0
366.0733707602038,713.0
366.3388478523085,706.0
366.60432319087926,698.0
366.8697967687854,715.0
367.1352685788958,724.0
367.40073861408,700.0
367.66620686720694,722.0
367.9316733311458,705.0
368.1971379987659,735.0
368.4626008629363,685.0
368.72806191652626,698.0
368.99352115240487,686.0
369.2589785634414,729.0
369.524434142505,716.0
369.78988788246477,710.0
370.05533977619,698.0
370.3207898165498,698.0
370.5862379964134,690.0
370.85168430865,697.0
371.11712874612874,710.0
371.3825713017187,692.0
371.64801196828927,698.0
371.9134507387095,686.0
372.17888760584856,678.0
372.4443225625757,701.0
372.70975560176,698.0
372.9751867162708,698.0
373.24061589897707,698.0
373.5060431427481,685.0
373.7714684404531,705.0
374.03689178496126,695.0
374.30231316914166,699.0
374.56773258586367,708.0
374.83315002799617,691.0
375.09856548840855,697.0
375.36397895997004,713.0
375.6293904355496,713.0
375.89479990801664,697.0
376.16020737024024,700.0
376.4256128150895,694.0
376.6910162354337,698.0
376.9564176241421,698.0
377.22181697408365,700.0
377.48721427812774,709.0
377.7526095291435,704.0
378.01800272,689.0
378.28339384356656,710.0
378.54878289271227,692.0
378.81416986030627,733.0
379.07955473921794,706.0
379.34493752231623,705.0
379.61031820247047,693.0
379.87569677254976,711.0
380.1410732254234,700.0
380.4064475539604,708.0
380.67181975102994,708.0
380.93718980950143,708.0
381.20255772224385,701.0
381.4679234821264,702.0
381.7332870820183,691.0
381.9986485147888,696.0
382.2640077733069,690.0
382.5293648504419,707.0
382.79471973906294,699.0
383.0600724320393,699.0
383.32542292223997,691.0
383.59077120253437,695.0
383.8561172657915,703.0
384.1214611048805,713.0
384.3868027126708,698.0
384.6521420820313,710.0
384.9174792058312,708.0
385.18281407694,694.0
385.4481466882266,681.0
385.71347703256015,696.0
385.97880510281,708.0
386.24413089184526,702.0
386.5094543925351,716.0
386.7747755977486,727.0
387.04009450035517,713.0
387.3054110932237,704.0
387.5707253692237,704.0
387.83603732122407,697.0
388.10134694209415,697.0
388.36665422470304,686.0
388.63195916192,699.0
388.89726174661416,708.0
389.1625619716546,737.0
389.42785982991074,717.0
389.6931553142515,706.0
389.95844841754626,705.0
390.2237391326641,678.0
390.4890274524742,710.0
390.7543133698457,700.0
391.019596877648,698.0
391.28487796875,690.0
391.5501566360211,705.0
391.81543287233023,705.0
392.0807066705468,719.0
392.3459780235399,708.0
392.6112469241787,701.0
392.87651336533247,694.0
393.1417773398703,689.0
393.4070388406614,686.0
393.6722978605749,696.0
393.93755439248,692.0
394.2028084292459,694.0
394.46805996374184,689.0
394.73330898883694,696.0
394.99855549740033,699.0
395.26379948230124,709.0
395.5290409364089,697.0
395.79427985259235,695.0
396.05951622372095,729.0
396.3247500426638,707.0
396.58998130229,694.0
396.85520999546884,720.0
397.1204361150694,700.0
397.38565965396106,717.0
397.6508806050127,693.0
397.9160989610938,712.0
398.1813147150733,697.0
398.44652785982055,697.0
398.71173838820454,694.0
398.97694629309467,692.0
399.24215156735994,692.0
399.50735420386974,690.0
399.77255419549306,684.0
400.0377515350991,695.0
400.3029462155571,693.0
400.56813822973623,700.0
400.8333275705056,690.0
401.0985142307346,697.0
401.3636982032922,695.0
401.6288794810476,688.0
401.89405805687005,707.0
402.1592339236286,680.0
402.4244070741927,702.0
402.6895775014312,685.0
402.9547451982135,679.0
403.2199101574087,709.0
403.48507237188613,710.0
403.75023183451464,686.0
404.01538853816373,711.0
404.2805424757024,693.0
404.54569363999997,680.0
404.81084202392555,701.0
405.07598762034826,709.0
405.3411304221373,704.0
405.6062704221619,683.0
405.8714076132913,702.0
406.1365419883944,730.0
406.40167354034077,686.0
406.66680226199935,689.0
406.9319281462394,705.0
407.19705118593004,709.0
407.46217137394046,704.0
407.72728870313983,696.0
407.99240316639737,707.0
408.25751475658234,692.0
408.5226234665638,719.0
408.78772928921086,693.0
409.0528322173929,699.0
409.3179322439789,693.0
409.58302936183827,714.0
409.84812356384,698.0
410.1132148428533,670.0
410.3783031917475,710.0
410.6433886033915,724.0
410.90847107065474,693.0
411.17355058640624,714.0
411.4386271435153,691.0
411.703700734851,714.0
411.9687713532826,695.0
412.23383899167914,695.0
412.49890364290997,703.0
412.7639652998442,706.0
413.029023955351,725.0
413.29407960229963,700.0
413.5591322335591,698.0
413.8241818419988,711.0
414.08922842048764,707.0
414.3542719618951,694.0
414.61931245909017,679.0
414.8843499049421,685.0
415.14938429232,685.0
415.4144156140931,701.0
415.67944386313064,683.0
415.9444690323017,696.0
416.2094911144755,721.0
416.47451010252126,715.0
416.7395259893081,712.0
417.00453876770524,700.0
417.2695484305817,694.0
417.53455497080694,716.0
417.79955838125,704.0
418.06455865478,698.0
418.32955578426623,703.0
418.5945497625778,684.0
418.859540582584,701.0
419.12452823715375,700.0
419.38951271915647,684.0
419.6544940214613,714.0
419.9194721369373,697.0
420.1844470584539,691.0
420.44941877888004,713.0
420.71438729108496,706.0
420.97935258793785,687.0
421.2443146623079,704.0
421.5092735070643,720.0
421.77422911507625,707.0
422.0391814792129,700.0
422.30413059234337,709.0
422.569076447337,698.0
422.8340190370628,706.0
423.09895835439,717.0
423.36389439218783,695.0
423.62882714332545,702.0
423.893756600672,684.0
424.1586827570967,688.0
424.42360560546877,693.0
424.68852513865727,700.0
424.9534413495315,684.0
425.2183542309606,689.0
425.4832637758137,696.0
425.74816997695996,698.0
426.01307282726873,691.0
426.277972319609,705.0
426.5428684468501,708.0
426.8077612018611,701.0
427.07265057751124,700.0
427.3375365666697,701.0
427.6024191622056,720.0
427.86729835698816,692.0
428.1321741438866,695.0
428.39704651577,701.0
428.66191546550766,698.0
428.92678098596866,697.0
429.1916430700222,695.0
429.4565017105375,690.0
429.7213569003837,710.0
429.9862086324301,720.0
430.25105689954574,691.0
430.5159016945998,719.0
430.78074301046144,722.0
431.04558084,698.0
431.3104151760845,703.0
431.5752460115842,718.0
431.8400733393683,707.0
432.1048971523059,716.0
432.36971744326627,690.0
432.6345342051185,700.0
432.8993474307318,698.0
433.1641571129753,697.0
433.4289632447184,698.0
433.69376581883,697.0
433.9585648281794,697.0
434.22336026563585,696.0
434.4881521240684,705.0
434.7529403963463,707.0
435.0177250753387,700.0
435.2825061539149,714.0
435.5472836249439,702.0
435.812057481295,705.0
436.0768277158373,697.0
436.34159432144,707.0
436.60635729097226,696.0
436.8711166173034,675.0
437.1358722933025,683.0
437.4006243118387,702.0
437.66537266578126,676.0
437.93011734799927,704.0
438.1948583513619,700.0
438.45959566873853,693.0
438.72432929299816,696.0
438.98905921701004,681.0
439.25378543364326,701.0
439.51850793576705,690.0
439.7832267162506,696.0
440.0479417679631,702.0
440.31265308377374,702.0
440.5773606565517,700.0
440.8420644791661,696.0
441.1067645444861,693.0
441.3714608453811,691.0
441.6361533747199,698.0
441.90084212537215,695.0
442.16552709020664,697.0
442.4302082620927,703.0
442.6948856338995,709.0
442.9595591984962,705.0
443.22422894875206,694.0
443.48889487753615,689.0
443.7535569777178,714.0
444.018215242166,700.0
444.28286966375003,686.0
444.54752023533905,697.0
444.81216694980225,702.0
445.0768098000088,692.0
445.34144877882795,692.0
445.6060838791288,698.0
445.8707150937805,693.0
446.13534241565225,709.0
446.39996583761337,689.0
446.66458535253287,712.0
446.92920095328,695.0
447.1938126327239,706.0
447.4584203837338,701.0
447.7230241991789,697.0
447.98762407192834,699.0
448.25221999485126,688.0
448.5168119608169,696.0
448.78139996269437,708.0
449.045983993353,703.0
449.3105640456618,690.0
449.57514011249,682.0
449.83971218670683,699.0
450.10428026118143,694.0
450.368844328783,704.0
450.6334043823807,702.0
450.8979604148438,705.0
451.16251241904126,706.0
451.42706038784246,695.0
451.6916043141165,702.0
451.9561441907327,717.0
452.22068001056,699.0
452.4852117664678,718.0
452.74973945132507,712.0
453.0142630580011,698.0
453.27878257936516,712.0
453.54329800828623,689.0
453.80780933763367,710.0
454.0723165602766,692.0
454.3368196690842,696.0
454.6013186569255,703.0
454.86581351667,688.0
455.1303042411866,693.0
455.39479082334464,703.0
455.6592732560132,687.0
455.92375153206154,706.0
456.1882256443588,719.0
456.4526955857741,706.0
456.71716134917665,708.0
456.98162292743575,698.0
457.24608031342046,684.0
457.5105335,723.0
457.77498248004355,693.0
458.0394272464202,682.0
458.3038677919993,700.0
458.5683041096499,713.0
458.83273619224127,685.0
459.0971640326425,693.0
459.3615876237228,689.0
459.6260069583513,692.0
459.89042202939737,690.0
460.15483282972997,677.0
460.41923935221837,698.0
460.68364158973185,690.0
460.94803953513946,697.0
461.21243318131036,687.0
461.4768225211137,701.0
461.74120754741887,690.0
462.0055882530949,671.0
462.26996463101096,705.0
462.53433667403624,706.0
462.79870437504,709.0
463.06306772689135,691.0
463.32742672245945,685.0
463.59178135461343,720.0
463.8561316162227,696.0
464.12047750015626,708.0
464.3848189992833,689.0
464.6491561064731,673.0
464.91348881459453,694.0
465.17781711651713,697.0
465.44214100511,711.0
465.70646047324226,709.0
465.97077551378305,699.0
466.23508611960165,703.0
466.49939228356715,684.0
466.7636939985488,723.0
467.02799125741564,715.0
467.2922840530371,697.0
467.55657237828217,694.0
467.8208562260201,699.0
468.08513558912,707.0
468.3494104604511,697.0
468.6136808328826,692.0
468.8779466992837,694.0
469.14220805252353,698.0
469.4064648854713,714.0
469.67071719099613,696.0
469.9349649619672,706.0
470.1992081912538,698.0
470.46344687172495,712.0
470.72768099625,694.0
470.991910557698,709.0
471.25613554893823,699.0
471.5203559628398,699.0
471.78457179227195,699.0
472.0487830301037,706.0
472.31298966920446,721.0
472.5771917024433,696.0
472.84138912268935,701.0
473.1055819228119,698.0
473.36977009568,689.0
473.63395363416294,688.0
473.8981325311298,698.0
474.1623067794499,711.0
474.4264763719923,702.0
474.69064130162633,688.0
474.95480156122085,707.0
475.2189571436454,701.0
475.48310804176896,696.0
475.74725424846076,712.0
476.01139575659,692.0
476.27553255902586,693.0
476.5396646486374,698.0
476.803792018294,696.0
477.0679146608647,697.0
477.3320325692187,695.0
477.59614573622525,698.0
477.86025415475353,692.0
478.1243578176726,684.0
478.3884567178516,706.0
478.65255084816005,714.0
478.9166402014667,713.0
479.180724770641,705.0
479.44480454855216,691.0
479.7088795280692,696.0
479.97294970206127,708.0
480.2370150633977,689.0
480.5010756049476,706.0
480.7651313195802,699.0
481.02918220016454,711.0
481.29322823957006,714.0
481.5572694306657,713.0
481.8213057663207,701.0
482.08533723940417,685.0
482.3493638427855,694.0
482.61338556933373,717.0
482.8774024119181,706.0
483.1414143634077,712.0
483.40542141667174,712.0
483.66942356457946,726.0
483.93342079999996,698.0
484.19741311580253,712.0
484.4614005048562,703.0
484.72538296003034,710.0
484.9893604741939,700.0
485.25333304021626,704.0
485.51730065096643,691.0
485.78126329931376,708.0
486.04522097812736,691.0
486.3091736802764,703.0
486.57312139863006,712.0
486.8370641260574,710.0
487.10100185542785,711.0
487.36493457961035,713.0
487.6288622914743,726.0
487.89278498388876,734.0
488.1567026497229,715.0
488.42061528184587,697.0
488.684522873127,715.0
488.9484254164352,724.0
489.21232290464,694.0
489.47621533061033,710.0
489.7401026872154,708.0
490.0039849673245,711.0
490.26786216380674,712.0
490.5317342695312,712.0
490.79560127736727,710.0
491.059463180184,714.0
491.32331997085055,717.0
491.58717164223617,705.0
491.85101818721,713.0
492.11485959864126,725.0
492.378695869399,693.0
492.6425269923526,715.0
492.9063529603711,705.0
493.1701737663237,693.0
493.43398940307964,714.0
493.6977998635081,703.0
493.9616051404781,723.0
494.22540522685904,725.0
494.48920011552,693.0
494.7529897993301,699.0
495.0167742711587,699.0
495.2805535238747,710.0
495.54432755034753,681.0
495.8080963434462,701.0
496.07185989604005,708.0
496.3356182009982,688.0
496.5993712511898,700.0
496.863119039484,698.0
497.12686155875,701.0
497.39059880185704,699.0
497.6543307616742,704.0
497.9180574310708,705.0
498.1817788029159,705.0
498.44549487007873,710.0
498.70920562542847,706.0
498.9729110618342,698.0
499.23661117216534,699.0
499.50030594929086,702.0
499.76399538608,687.0
500.02767947540195,692.0
500.29135821012585,698.0
500.5550315831209,704.0
500.81869958725633,689.0
501.08236221540125,697.0
501.3460194604249,684.0
501.6096713151964,686.0
501.8733177725849,688.0
502.13695882545977,697.0
502.40059446668994,707.0
502.66422468914476,707.0
502.92784948569346,686.0
503.191468849205,710.0
503.45508277254874,692.0
503.71869124859376,708.0
503.98229427020925,704.0
504.24589183026444,721.0
504.50948392162854,699.0
504.77307053717067,716.0
505.03665166976003,715.0
505.30022731226575,716.0
505.56379745755703,704.0
505.82736209850304,709.0
506.09092122797307,701.0
506.3544748388362,715.0
506.6180229239617,696.0
506.88156547621867,702.0
507.14510248847614,690.0
507.40863395360356,695.0
507.67215986446996,699.0
507.93568021394464,700.0
508.19919499489663,684.0
508.4627042001952,709.0
508.72620782270945,709.0
508.9897058553088,700.0
509.25319829086203,711.0
509.5166851222387,707.0
509.7801663423078,697.0
510.0436419439385,705.0
510.30711191999995,706.0
510.57057626336154,686.0
510.8340349668922,705.0
511.09748802346127,712.0
511.36093542593795,708.0
511.62437716719126,717.0
511.8878132400905,715.0
512.1512436375048,711.0
512.4146683523035,693.0
512.6780873773553,694.0
512.94150070553,708.0
513.2049083296965,701.0
513.4683102427239,700.0
513.7317064374814,700.0
513.9950969068383,692.0
514.2584816436637,696.0
514.521860640827,702.0
514.7852338911969,689.0
515.048601387643,686.0
515.3119631230344,714.0
515.57531909024,697.0
515.8386692821292,739.0
516.1020136915714,694.0
516.3653523114355,708.0
516.6286851345907,707.0
516.8920121539062,706.0
517.1553333622512,697.0
517.4186487524951,702.0
517.6819583175065,689.0
517.9452620501551,711.0
518.20855994331,710.0
518.4718519898402,712.0
518.7351381826151,709.0
518.9984185145036,695.0
519.261692978375,711.0
519.5249615670987,696.0
519.7882242735436,698.0
520.0514810905792,692.0
520.3147320110742,699.0
520.5779770278981,696.0
520.8412161339199,693.0
521.104449322009,704.0
521.3676765850346,697.0
521.6308979158657,694.0
521.8941133073715,706.0
522.1573227524211,717.0
522.4205262438842,694.0
522.6837237746292,708.0
522.9469153375258,693.0
523.2101009254429,715.0
523.4732805312501,718.0
523.7364541478161,706.0
523.9996217680101,697.0
524.2627833847017,709.0
524.5259389907599,690.0
524.7890885790537,695.0
525.0522321424525,716.0
525.3153696738253,708.0
525.5785011660414,688.0
525.8416266119698,704.0
526.10474600448,701.0
526.3678593364409,706.0
526.6309666007219,731.0
526.8940677901919,704.0
527.1571628977202,708.0
527.4202519161763,680.0
527.6833348384288,704.0
527.9464116573473,697.0
528.2094823658009,684.0
528.4725469566588,712.0
528.73560542279,705.0
528.9986577570637,706.0
529.2617039523495,693.0
529.524744001516,706.0
529.7877778974326,700.0
530.0508056329687,711.0
530.3138272009933,707.0
530.5768425943755,699.0
530.8398518059845,721.0
531.1028548286897,725.0
531.36585165536,689.0
531.6288422788647,699.0
531.8918266920731,690.0
532.1548048878542,706.0
532.4177768590772,705.0
532.6807425986112,693.0
532.9437020993256,717.0
533.2066553540895,697.0
533.4696023557722,714.0
533.7325430972427,700.0
533.99547757137,712.0
534.2584057710236,694.0
534.5213276890727,706.0
534.7842433183862,705.0
535.0471526518335,699.0
535.3100556822839,691.0
535.5729524026061,714.0
535.8358428056696,712.0
536.0987268843437,689.0
536.3616046314975,692.0
536.62447604,706.0
536.8873411027205,696.0
537.1501998125283,721.0
537.4130521622923,704.0
537.6758981448819,719.0
537.9387377531663,719.0
538.2015709800144,706.0
538.4643978182958,715.0
538.7272182608793,735.0
538.9900323006343,726.0
539.2528399304301,740.0
539.5156411431353,711.0
539.7784359316198,718.0
540.0412242887525,746.0
540.3040062074024,746.0
540.5667816804388,767.0
540.8295507007308,757.0
541.0923132611479,777.0
541.355069354559,780.0
541.6178189738332,770.0
541.88056211184,789.0
542.1432987614484,783.0
542.4060289155275,788.0
542.6687525669464,794.0
542.9314697085747,783.0
543.1941803332812,782.0
543.4568844339353,788.0
543.719582003406,778.0
543.9822730345626,782.0
544.2449575202742,767.0
544.5076354534099,796.0
544.7703068268391,786.0
545.032971633431,781.0
545.2956298660547,792.0
545.5582815175792,765.0
545.8209265808737,768.0
546.0835650488077,753.0
546.3461969142501,754.0
546.6088221700701,750.0
546.8714408091371,724.0
547.13405282432,712.0
547.3966582084881,746.0
547.6592569545106,730.0
547.9218490552568,735.0
548.1844345035955,722.0
548.4470132923962,706.0
548.7095854145281,720.0
548.9721508628603,715.0
549.2347096302618,708.0
549.497261709602,722.0
549.7598070937499,725.0
550.022345775575,712.0
550.2848777479463,721.0
550.5474030037328,713.0
550.8099215358038,723.0
551.0724333370288,741.0
551.3349384002764,722.0
551.5974367184164,712.0
551.8599282843173,722.0
552.1224130908488,719.0
552.38489113088,718.0
552.6473623972798,710.0
552.9098268829177,704.0
553.1722845806628,715.0
553.4347354833842,701.0
553.6971795839513,700.0
553.9596168752329,713.0
554.2220473500984,705.0
554.484471001417,712.0
554.7468878220577,731.0
555.00929780489,710.0
555.2717009427828,710.0
555.5340972286054,705.0
555.796486655227,696.0
556.0588692155168,711.0
556.3212449023438,689.0
556.5836137085773,714.0
556.8459756270865,698.0
557.1083306507406,695.0
557.3706787724087,707.0
557.6330199849599,708.0
557.8953542812636,687.0
558.1576816541891,686.0
558.4200020966051,687.0
558.6823156013811,695.0
558.9446221613863,716.0
559.2069217694898,711.0
559.4692144185605,700.0
559.7315001014681,684.0
559.9937788110816,693.0
560.25605054027,701.0
560.5183152819027,713.0
560.7805730288486,702.0
561.0428237739773,697.0
561.3050675101575,708.0
561.5673042302587,700.0
561.82953392715,711.0
562.0917565937007,704.0
562.3539722227798,698.0
562.6161808072563,686.0
562.8783823400001,694.0
563.1405768138794,696.0
563.4027642217642,694.0
563.6649445565233,687.0
563.9271178110259,695.0
564.1892839781412,708.0
564.4514430507384,708.0
564.7135950216867,710.0
564.9757398838553,686.0
565.2378776301133,697.0
565.50000825333,719.0
565.7621317463745,704.0
566.0242481021158,705.0
566.2863573134233,702.0
566.5484593731663,697.0
566.8105542742137,696.0
567.072642009435,694.0
567.3347225716989,688.0
567.5967959538749,701.0
567.8588621488324,712.0
568.12092114944,710.0
568.3829729485673,707.0
568.6450175390834,705.0
568.9070549138575,708.0
569.1690850657587,707.0
569.4311079876562,710.0
569.6931236724192,714.0
569.955132112917,717.0
570.2171333020185,689.0
570.4791272325932,686.0
570.74111389751,709.0
571.0030932896383,686.0
571.265065401847,703.0
571.5270302270055,714.0
571.7889877579831,710.0
572.0509379876487,693.0
572.3128809088716,717.0
572.574816514521,717.0
572.8367447974662,697.0
573.098665750576,696.0
573.3605793667199,715.0
573.6224856387672,693.0
573.8843845595867,707.0
574.1462761220478,697.0
574.4081603190194,685.0
574.6700371433712,675.0
574.931906587972,698.0
575.1937686456912,684.0
575.4556233093978,697.0
575.7174705719609,708.0
575.97931042625,690.0
576.241142865134,709.0
576.5029678814823,712.0
576.7647854681638,704.0
577.026595618048,711.0
577.2883983240038,698.0
577.5501935789003,694.0
577.8119813756073,719.0
578.0737617069933,715.0
578.3355345659279,724.0
578.5972999452799,717.0
578.859057837919,702.0
579.1208082367139,709.0
579.3825511345339,710.0
579.6442865242484,715.0
579.9060143987261,718.0
580.1677347508369,720.0
580.4294475734494,713.0
580.691152859433,709.0
580.9528506016568,714.0
581.21454079299,717.0
581.4762234263019,713.0
581.7378984944614,726.0
581.9995659903379,720.0
582.2612259068007,731.0
582.5228782367186,728.0
582.7845229729613,756.0
583.0461601083974,713.0
583.3077896358966,725.0
583.5694115483276,711.0
583.83102583856,731.0
584.0926324994628,741.0
584.354231523905,731.0
584.6158229047562,711.0
584.8774066348851,726.0
585.1389827071613,742.0
585.4005511144537,733.0
585.6621118496316,717.0
585.9236649055642,735.0
586.1852102751204,718.0
586.4467479511701,716.0
586.7082779265816,731.0
586.9698001942247,713.0
587.2313147469682,702.0
587.4928215776814,715.0
587.7543206792338,731.0
588.0158120444939,727.0
588.2772956663316,741.0
588.5387715376157,706.0
588.8002396512155,714.0
589.0617,711.0
589.3231525768384,713.0
589.5845973746003,714.0
589.8460343861542,716.0
590.10746360437,705.0
590.3688850221163,715.0
590.6302986322625,707.0
590.8917044276778,697.0
591.1531024012312,705.0
591.4144925457924,694.0
591.67587485423,694.0
591.9372493194134,713.0
592.1986159342118,741.0
592.4599746914943,718.0
592.7213255841303,713.0
592.9826686049887,728.0
593.2440037469388,720.0
593.5053310028499,706.0
593.766650365591,706.0
594.0279618280314,713.0
594.28926538304,709.0
594.5505610234864,685.0
594.8118487422395,698.0
595.0731285321684,705.0
595.3344003861428,692.0
595.5956642970312,714.0
595.8569202577033,716.0
596.1181682610279,691.0
596.3794082998746,714.0
596.6406403671122,713.0
596.90186445561,696.0
597.1630805582373,700.0
597.4242886678632,715.0
597.6854887773567,711.0
597.946680879587,710.0
598.2078649674238,731.0
598.4690410337357,706.0
598.7302090713921,713.0
598.9913690732623,704.0
599.252521032215,711.0
599.51366494112,704.0
599.774800792846,706.0
600.0359285802626,697.0
600.2970482962387,694.0
600.5581599336435,683.0
600.8192634853463,691.0
601.0803589442161,730.0
601.3414463031222,701.0
601.6025255549338,686.0
601.8635966925199,687.0
602.12465970875,701.0
602.385714596493,717.0
602.6467613486183,712.0
602.9077999579948,713.0
603.168830417492,713.0
603.4298527199787,711.0
603.6908668583244,715.0
603.9518728253983,703.0
604.2128706140693,695.0
604.473860217207,719.0
604.73484162768,705.0
604.9958148383579,686.0
605.2567798421098,701.0
605.517736631805,692.0
605.7786852003123,691.0
606.0396255405011,695.0
606.3005576452409,677.0
606.5614815074003,700.0
606.8223971198489,713.0
607.0833044754557,712.0
607.34420356709,696.0
607.6050943876209,715.0
607.8659769299175,717.0
608.126851186849,724.0
608.3877171512846,720.0
608.6485748160937,733.0
608.9094241741452,735.0
609.1702652183084,761.0
609.4310979414525,771.0
609.6919223364466,797.0
609.95273839616,803.0
610.2135461134617,833.0
610.474345481221,854.0
610.7351364923072,853.0
610.995919139589,847.0
611.2566934159363,846.0
611.5174593142176,837.0
611.7782168273026,812.0
612.0389659480602,786.0
612.2997066693596,783.0
612.56043898407,778.0
612.8211628850605,744.0
613.0818783652006,742.0
613.3425854173591,740.0
613.6032840344054,744.0
613.8639742092088,750.0
614.1246559346381,724.0
614.3853292035627,736.0
614.6459940088517,746.0
614.9066503433745,743.0
615.1672982,733.0
615.4279375715975,730.0
615.6885684510363,714.0
615.9491908311852,712.0
616.209804704914,710.0
616.4704100650912,728.0
616.7310069045865,711.0
616.9915952162688,710.0
617.2521749930073,708.0
617.5127462276714,687.0
617.7733089131299,711.0
618.0338630422525,722.0
618.2944086079078,704.0
618.5549456029654,722.0
618.8154740202943,731.0
619.0759938527638,714.0
619.336505093243,712.0
619.5970077346008,713.0
619.857501769707,710.0
620.1179871914303,717.0
620.37846399264,711.0
620.6389321662053,709.0
620.8993917049953,710.0
621.1598426018795,712.0
621.4202848497266,722.0
621.6807184414063,728.0
621.9411433697873,703.0
622.201559627739,692.0
622.4619672081305,724.0
622.7223661038311,724.0
622.98275630771,722.0
623.2431378126362,709.0
623.503510611479,704.0
623.7638746971076,718.0
624.0242300623911,718.0
624.2845767001988,709.0
624.5449146033995,695.0
624.8052437648631,723.0
625.0655641774581,717.0
625.325875834054,706.0
625.5861787275201,712.0
625.846472850725,711.0
626.1067581965386,700.0
626.3670347578296,720.0
626.6273025274676,713.0
626.8875614983212,719.0
627.1478116632601,706.0
627.4080530151532,728.0
627.6682855468697,703.0
627.9285092512789,709.0
628.18872412125,719.0
628.448930149652,721.0
628.7091273293543,696.0
628.9693156532259,713.0
629.229495114136,723.0
629.4896657049537,730.0
629.7498274185485,730.0
630.0099802477891,728.0
630.2701241855453,723.0
630.5302592246859,740.0
630.79038535808,741.0
631.0505025785969,726.0
631.3106108791059,722.0
631.5707102524759,716.0
631.8308006915763,702.0
632.0908821892763,710.0
632.3509547384449,712.0
632.6110183319513,739.0
632.8710729626649,742.0
633.1311186234547,721.0
633.3911553071899,708.0
633.6511830067398,726.0
633.9112017149735,728.0
634.17121142476,747.0
634.4312121289686,742.0
634.6912038204689,747.0
634.9511864921292,758.0
635.2111601368196,782.0
635.4711247474086,795.0
635.7310803167657,860.0
635.99102683776,931.0
636.2509643032606,1121.0
636.510892706137,1489.0
636.7708120392581,2122.0
637.0307222954931,2846.0
637.2906234677113,3587.0
637.5505155487816,4223.0
637.8103985315736,4874.0
638.0702724089562,5223.0
638.3301371737986,5034.0
638.5899928189699,4369.0
638.8498393373396,2763.0
639.1096767217766,1516.0
639.3695049651501,1066.0
639.6293240603295,893.0
639.8891340001837,815.0
640.1489347775821,805.0
640.4087263853937,753.0
640.6685088164878,749.0
640.9282820637335,737.0
641.18804612,731.0
641.4478009781566,726.0
641.7075466310722,728.0
641.9672830716163,731.0
642.2270102926578,706.0
642.4867282870662,717.0
642.7464370477105,700.0
643.0061365674597,713.0
643.2658268391833,701.0
643.5255078557503,711.0
643.7851796100299,699.0
644.0448420948915,735.0
644.3044953032038,728.0
644.5641392278364,735.0
644.8237738616583,728.0
645.0833991975387,716.0
645.3430152283469,712.0
645.6026219469519,701.0
645.862219346223,718.0
646.1218074190292,699.0
646.38138615824,708.0
646.6409555567243,715.0
646.9005156073514,703.0
647.1600663029905,710.0
647.4196076365108,712.0
647.6791396007812,723.0
647.9386621886712,714.0
648.1981753930501,694.0
648.4576792067866,705.0
648.7171736227501,706.0
648.97665863381,699.0
649.2361342328351,706.0
649.4956004126951,713.0
649.7550571662586,714.0
650.0145044863951,707.0
650.2739423659737,724.0
650.5333707978638,703.0
650.7927897749341,700.0
651.0521992900541,702.0
651.3115993360931,710.0
651.57098990592,705.0
651.830370992404,715.0
652.0897425884147,710.0
652.3491046868207,721.0
652.6084572804915,703.0
652.8678003622962,695.0
653.1271339251042,690.0
653.3864579617841,698.0
653.6457724652057,694.0
653.905077428238,696.0
654.16437284375,703.0
654.4236587046111,719.0
654.6829350036902,711.0
654.9422017338568,689.0
655.2014588879799,699.0
655.4607064589287,706.0
655.7199444395726,721.0
655.9791728227801,691.0
656.2383916014214,711.0
656.4976007683648,694.0
656.7568003164799,693.0
657.0159902386359,694.0
657.2751705277019,709.0
657.534341176547,690.0
657.7935021780403,690.0
658.0526535250513,703.0
658.3117952104488,726.0
658.5709272271024,708.0
658.830049567881,686.0
659.0891622256537,690.0
659.3482651932901,707.0
659.6073584636588,689.0
659.8664420296294,698.0
660.125515884071,692.0
660.3845800198527,705.0
660.6436344298437,699.0
660.9026791069132,688.0
661.1617140439305,685.0
661.4207392337646,694.0
661.6797546692846,710.0
661.93876034336,701.0
662.1977562488597,686.0
662.4567423786531,701.0
662.715718725609,706.0
662.9746852825971,697.0
663.2336420424862,705.0
663.4925889981457,691.0
663.7515261424445,712.0
664.0104534682522,685.0
664.2693709684377,701.0
664.5282786358699,715.0
664.7871764634187,695.0
665.0460644439527,686.0
665.3049425703413,713.0
665.5638108354535,684.0
665.8226692321587,693.0
666.0815177533261,718.0
666.3403563918247,691.0
666.5991851405237,693.0
666.8580039922925,714.0
667.11681294,728.0
667.3756119765155,716.0
667.6344010947081,703.0
667.8931802874473,728.0
668.1519495476019,695.0
668.4107088680413,698.0
668.6694582416345,706.0
668.9281976612508,707.0
669.1869271197594,711.0
669.4456466100294,680.0
669.7043561249301,694.0
669.9630556573304,704.0
670.2217452000998,689.0
670.4804247461075,688.0
670.7390942882222,732.0
670.9977538193139,702.0
671.2564033322508,706.0
671.5150428199029,696.0
671.773672275139,693.0
672.0322916908282,704.0
672.2909010598399,703.0
672.5495003750432,685.0
672.8080896293075,675.0
673.0666688155014,693.0
673.3252379264947,681.0
673.5837969551562,682.0
673.8423458943554,705.0
674.100884736961,695.0
674.3594134758424,710.0
674.6179321038693,707.0
674.87644061391,700.0
675.1349389988343,697.0
675.3934272515111,685.0
675.6519053648095,708.0
675.9103733315992,693.0
676.1688311447487,708.0
676.4272787971277,696.0
676.6857162816051,708.0
676.9441435910501,713.0
677.202560718332,699.0
677.4609676563199,690.0
677.7193643978832,709.0
677.9777509358906,692.0
678.2361272632116,689.0
678.4944933727155,703.0
678.7528492572712,704.0
679.0111949097482,717.0
679.2695303230151,711.0
679.5278554899419,692.0
679.7861704033969,691.0
680.0444750562499,694.0
680.3027694413701,699.0
680.5610535516263,697.0
680.8193273798878,707.0
681.0775909190238,702.0
681.3358441619038,701.0
681.5940871013964,712.0
681.8523197303713,686.0
682.1105420416974,700.0
682.3687540282438,708.0
682.6269556828801,714.0
682.8851469984749,684.0
683.1433279678978,695.0
683.4014985840179,693.0
683.6596588397043,690.0
683.9178087278264,702.0
684.1759482412529,694.0
684.4340773728534,690.0
684.6921961154969,691.0
684.9503044620527,699.0
685.20840240539,704.0
685.4664899383779,704.0
685.7245670538855,714.0
685.9826337447819,690.0
686.2406900039367,691.0
686.4987358242188,693.0
686.7567711984973,697.0
687.0147961196415,710.0
687.2728105805204,697.0
687.5308145740037,690.0
687.7888080929599,689.0
688.0467911302587,700.0
688.304763678769,700.0
688.56272573136,694.0
688.8206772809011,699.0
689.0786183202612,693.0
689.3365488423098,703.0
689.5944688399155,686.0
689.8523783059482,697.0
690.1102772332765,711.0
690.3681656147701,714.0
690.6260434432976,707.0
690.8839107117286,704.0
691.1417674129323,692.0
691.3996135397775,688.0
691.6574490851337,699.0
691.91527404187,711.0
692.1730884028556,705.0
692.4308921609598,690.0
692.6886853090514,689.0
692.94646784,706.0
693.2042397466745,714.0
693.4620010219442,695.0
693.7197516586783,704.0
693.9774916497458,712.0
694.2352209880163,693.0
694.4929396663584,692.0
694.7506476776417,703.0
695.0083450147354,699.0
695.2660316705084,705.0
695.5237076378301,693.0
695.7813729095694,708.0
696.0390274785958,712.0
696.2966713377783,695.0
696.5543044799863,692.0
696.8119268980887,684.0
697.0695385849549,693.0
697.3271395334539,701.0
697.584729736455,708.0
697.8423091868274,719.0
698.0998778774399,723.0
698.3574358011624,709.0
698.6149829508635,692.0
698.8725193194125,697.0
699.1300448996788,706.0
699.3875596845312,702.0
699.6450636668393,690.0
699.9025568394719,685.0
700.1600391952985,682.0
700.4175107271882,720.0
700.6749714280099,704.0
700.9324212906332,696.0
701.189860307927,692.0
701.4472884727605,714.0
701.7047057780031,703.0
701.9621122165238,693.0
702.2195077811916,694.0
702.4768924648761,688.0
702.7342662604461,700.0
702.991629160771,709.0
703.24898115872,708.0
703.5063222471621,727.0
703.7636524189666,697.0
704.0209716670028,720.0
704.2782799841395,710.0
704.5355773632463,712.0
704.7928637971921,712.0
705.0501392788462,702.0
705.3074038010778,709.0
705.5646573567559,700.0
705.82189993875,696.0
706.079131539929,716.0
706.3363521531622,716.0
706.5935617713188,707.0
706.8507603872679,729.0
707.1079479938788,706.0
707.3651245840204,723.0
707.6222901505623,710.0
707.8794446863733,702.0
708.1365881843228,695.0
708.39372063728,703.0
708.6508420381139,707.0
708.9079523796939,711.0
709.1650516548889,690.0
709.4221398565683,708.0
709.6792169776012,704.0
709.9362830108569,703.0
710.1933379492044,704.0
710.450381785513,731.0
710.7074145126518,697.0
710.96443612349,696.0
711.2214466108968,704.0
711.4784459677414,709.0
711.735434186893,693.0
711.9924112612208,699.0
712.2493771835938,679.0
712.5063319468813,698.0
712.7632755439525,707.0
713.0202079676766,697.0
713.2771292109227,695.0
713.5340392665601,700.0
713.7909381274577,700.0
714.047825786485,685.0
714.3047022365112,699.0
714.5615674704052,689.0
714.8184214810362,688.0
715.0752642612737,687.0
715.3320958039865,682.0
715.5889161020442,698.0
715.8457251483155,687.0
716.10252293567,698.0
716.3593094569766,681.0
716.6160847051046,683.0
716.8728486729232,700.0
717.1296013533014,711.0
717.3863427391087,680.0
717.6430728232141,676.0
717.8997915984867,711.0
718.1564990577957,719.0
718.4131951940105,685.0
718.66988,678.0
718.9265534686334,703.0
719.1832155927804,692.0
719.4398663653093,694.0
719.6965057790899,698.0
719.9531338269912,696.0
720.2097505018824,708.0
720.4663557966328,696.0
720.7229497041113,698.0
720.9795322171873,695.0
721.23610332873,700.0
721.4926630316085,686.0
721.7492113186919,695.0
722.0057481828493,698.0
722.2622736169504,692.0
722.5187876138637,722.0
722.7752901664588,705.0
723.0317812676049,719.0
723.288260910171,705.0
723.5447290870263,694.0
723.80118579104,701.0
724.0576310150815,694.0
724.3140647520195,699.0
724.5704869947235,712.0
724.8268977360627,699.0
725.0832969689062,719.0
725.3396846861233,717.0
725.5960608805829,710.0
725.8524255451546,713.0
726.1087786727071,713.0
726.36512025611,703.0
726.6214502882323,694.0
726.877768761943,685.0
727.1340756701117,699.0
727.390371005607,704.0
727.6466547612987,701.0
727.9029269300556,707.0
728.1591875047471,700.0
728.4154364782422,707.0
728.67167384341,720.0
728.9278995931201,701.0
729.184113720241,700.0
729.4403162176426,696.0
729.6965070781937,697.0
729.9526862947635,690.0
730.2088538602213,672.0
730.465009767436,707.0
730.7211540092773,708.0
730.9772865786136,715.0
731.2334074683149,705.0
731.48951667125,694.0
731.7456141802879,695.0
732.0016999882984,704.0
732.2577740881497,677.0
732.5138364727119,693.0
732.7698871348538,726.0
733.0259260674445,704.0
733.2819532633532,707.0
733.5379687154493,694.0
733.793972416602,688.0
734.04996435968,697.0
734.3059445375529,689.0
734.5619129430897,684.0
734.8178695691599,705.0
735.0738144086324,701.0
735.3297474543763,683.0
735.5856686992609,681.0
735.8415781361554,693.0
736.0974757579289,689.0
736.3533615574507,694.0
736.6092355275898,698.0
736.8650976612158,708.0
737.1209479511974,702.0
737.3767863904039,712.0
737.6326129717047,709.0
737.8884276879687,693.0
738.1442305320653,690.0
738.4000214968635,698.0
738.6558005752325,698.0
738.9115677600416,706.0
739.16732304416,698.0
739.4230664204567,705.0
739.678797881801,680.0
739.9345174210621,702.0
740.190225031109,678.0
740.4459207048112,693.0
740.7016044350377,716.0
740.9572762146576,694.0
741.2129360365401,693.0
741.4685838935544,697.0
741.72421977857,694.0
741.9798436844555,705.0
742.2354556040806,697.0
742.4910555303142,710.0
742.7466434560255,696.0
743.0022193740838,706.0
743.2577832773579,702.0
743.5133351587177,711.0
743.7688750110317,718.0
744.0244028271694,700.0
744.2799186,698.0
744.5354223223925,693.0
744.7909139872162,685.0
745.0463935873403,689.0
745.301861115634,683.0
745.5573165649662,710.0
745.8127599282064,695.0
746.0681911982238,679.0
746.3236103678873,698.0
746.5790174300663,693.0
746.8344123776299,716.0
747.0897952034475,709.0
747.3451659003879,690.0
747.6005244613204,684.0
747.8558708791144,707.0
748.1112051466387,724.0
748.366527256763,700.0
748.6218372023559,718.0
748.8771349762869,701.0
749.1324205714252,706.0
749.38769398064,700.0
749.6429551968004,690.0
749.8982042127753,713.0
750.1534410214346,702.0
750.4086656156467,700.0
750.6638779882812,684.0
750.9190781322072,699.0
751.174266040294,702.0
751.4294417054107,706.0
751.6846051204261,725.0
751.9397562782101,707.0
752.1948951716313,709.0
752.450021793559,697.0
752.7051361368626,709.0
752.960238194411,702.0
753.2153279590738,690.0
753.4704054237196,694.0
753.725470581218,684.0
753.9805234244382,703.0
754.235563946249,701.0
754.49059213952,686.0
754.74560799712,697.0
755.0006115119186,697.0
755.2556026767846,714.0
755.5105814845874,696.0
755.7655479281962,698.0
756.0205020004801,693.0
756.2754436943081,703.0
756.5303730025496,689.0
756.7852899180741,683.0
757.04019443375,693.0
757.2950865424469,698.0
757.5499662370343,705.0
757.8048335103807,676.0
758.059688355356,690.0
758.3145307648286,701.0
758.5693607316684,714.0
758.8241782487443,700.0
759.0789833089254,707.0
759.333775905081,702.0
759.5885560300799,708.0
759.8433236767919,697.0
760.0980788380858,697.0
760.3528215068309,715.0
760.6075516758963,709.0
760.8622693381512,698.0
761.1169744864649,693.0
761.3716671137063,712.0
761.6263472127449,705.0
761.8810147764498,697.0
762.13566979769,704.0
762.3903122693348,713.0
762.6449421842535,699.0
762.8995595353151,709.0
763.1541643153886,680.0
763.4087565173438,695.0
763.6633361340492,689.0
763.9179031583744,685.0
764.1724575831885,700.0
764.4269994013606,692.0
764.68152860576,694.0
764.9360451892557,698.0
765.190549144717,688.0
765.4450404650131,705.0
765.6995191430132,697.0
765.9539851715863,711.0
766.2084385436016,714.0
766.4628792519286,697.0
766.7173072894361,688.0
766.9717226489936,701.0
767.22612532347,698.0
767.4805153057347,702.0
767.7348925886566,697.0
767.9892571651052,696.0
768.2436090279496,701.0
768.4979481700586,711.0
768.7522745843021,701.0
769.0065882635487,710.0
769.2608892006676,701.0
769.5151773885285,694.0
769.7694528199999,690.0
770.0237154879514,695.0
770.2779653852523,710.0
770.5322025047712,706.0
770.7864268393779,706.0
771.0406383819411,692.0
771.2948371253306,705.0
771.5490230624148,708.0
771.8031961860634,706.0
772.0573564891454,698.0
772.31150396453,704.0
772.5656386050865,720.0
772.8197604036837,693.0
773.0738693531914,694.0
773.3279654464783,700.0
773.5820486764137,723.0
773.8361190358669,705.0
774.0901765177068,717.0
774.344221114803,719.0
774.5982528200242,718.0
774.8522716262399,695.0
775.1062775263193,701.0
775.3602705131315,671.0
775.6142505795456,702.0
775.8682177184306,704.0
776.1221719226563,696.0
776.3761131850912,701.0
776.630041498605,708.0
776.8839568560666,699.0
777.1378592503452,698.0
777.3917486743101,707.0
777.6456251208301,687.0
777.8994885827751,681.0
778.1533390530136,699.0
778.4071765244151,686.0
778.6610009898487,699.0
778.9148124421837,705.0
779.1686108742891,690.0
779.422396279034,704.0
779.6761686492881,708.0
779.9299279779199,703.0
780.1836742577991,689.0
780.4374074817946,693.0
780.6911276427755,704.0
780.9448347336116,694.0
781.1985287471712,706.0
781.4522096763241,692.0
781.7058775139392,703.0
781.9595322528858,710.0
782.213173886033,718.0
782.4668024062498,708.0
782.7204178064061,707.0
782.9740200793701,699.0
783.2276092180117,702.0
783.4811852151998,693.0
783.7347480638037,713.0
783.9882977566925,691.0
784.2418342867352,691.0
784.4953576468014,680.0
784.7488678297599,690.0
785.0023648284799,699.0
785.2558486358308,712.0
785.5093192446817,693.0
785.762776647902,708.0
786.0162208383603,686.0
786.2696518089261,702.0
786.5230695524689,690.0
786.7764740618574,692.0
787.029865329961,702.0
787.2832433496487,715.0
787.5366081137901,700.0
787.7899596152538,708.0
788.0432978469094,688.0
788.2966228016261,698.0
788.5499344722728,727.0
788.8032328517187,696.0
789.0565179328332,693.0
789.3097897084855,711.0
789.5630481715446,700.0
789.8162933148797,713.0
790.06952513136,692.0
790.3227436138546,713.0
790.5759487552331,696.0
790.8291405483641,711.0
791.082318986117,716.0
791.3354840613612,698.0
791.5886357669656,708.0
791.8417740957997,689.0
792.0948990407321,699.0
792.3480105946326,729.0
792.60110875037,724.0
792.8541935008136,697.0
793.1072648388326,697.0
793.3603227572962,700.0
793.6133672490736,708.0
793.8663983070336,718.0
794.119415924046,716.0
794.3724200929796,695.0
794.6254108067037,701.0
794.8783880580875,706.0
795.13135184,707.0
795.3843021453106,692.0
795.6372389668882,704.0
795.8901622976024,685.0
796.1430721303219,706.0
796.3959684579162,691.0
796.6488512732545,685.0
796.9017205692056,697.0
797.1545763386395,708.0
797.4074185744242,702.0
797.66024726943,702.0
797.9130624165255,697.0
798.1658640085799,697.0
798.4186520384625,696.0
798.6714264990422,693.0
798.9241873831888,708.0
799.1769346837708,692.0
799.4296683936578,684.0
799.6823885057189,696.0
799.9350950128232,718.0
800.1877879078401,690.0
800.4404671836382,707.0
800.6931328330876,698.0
800.9457848490565,698.0
801.1984232244147,685.0
801.4510479520312,703.0
801.7036590247752,693.0
801.956256435516,691.0
802.2088401771225,714.0
802.4614102424641,703.0
802.71396662441,690.0
802.9665093158293,696.0
803.219038309591,705.0
803.4715535985645,685.0
803.7240551756191,710.0
803.9765430336238,705.0
804.2290171654477,703.0
804.4814775639601,685.0
804.7339242220302,693.0
804.9863571325271,698.0
805.2387762883199,691.0
805.4911816822782,681.0
805.7435733072706,692.0
805.9959511561667,696.0
806.2483152218356,688.0
806.5006654971461,706.0
806.7530019749681,697.0
807.0053246481701,693.0
807.2576335096218,689.0
807.5099285521919,717.0
807.7622097687499,695.0
808.0144771521651,699.0
808.2667306953061,710.0
808.5189703910429,702.0
808.7711962322438,704.0
809.0234082117787,704.0
809.2756063225164,702.0
809.5277905573263,710.0
809.7799609090773,700.0
810.0321173706388,692.0
810.2842599348801,711.0
810.5363885946699,695.0
810.7885033428778,697.0
811.0406041723729,707.0
811.2926910760243,684.0
811.5447640467013,703.0
811.7968230772728,707.0
812.0488681606084,711.0
812.3008992895769,704.0
812.5529164570477,700.0
812.80491965589,698.0
813.0569088789728,685.0
813.3088841191654,691.0
813.5608453693369,688.0
813.8127926223567,705.0
814.0647258710937,705.0
814.3166451084173,689.0
814.5685503271965,705.0
814.8204415203005,706.0
815.0723186805986,702.0
815.32418180096,683.0
815.5760308742537,711.0
815.827865893349,693.0
816.0796868511152,700.0
816.3314937404211,684.0
816.5832865541362,700.0
816.8350652851296,720.0
817.0868299262705,717.0
817.3385804704282,705.0
817.5903169104716,713.0
817.84203923927,706.0
818.0937474496927,710.0
818.3454415346087,686.0
818.5971214868872,714.0
818.8487872993975,689.0
819.1004389650087,674.0
819.35207647659,698.0
819.6036998270106,700.0
819.8553090091398,706.0
820.1069040158465,731.0
820.35848484,699.0
820.6100514744695,716.0
820.8616039121242,703.0
821.1131421458333,705.0
821.3646661684659,707.0
821.6161759728913,691.0
821.8676715519784,715.0
822.1191528985968,699.0
822.3706200056154,700.0
822.6220728659033,702.0
822.8735114723299,690.0
823.1249358177644,699.0
823.3763458950758,692.0
823.6277416971334,694.0
823.8791232168063,684.0
824.1304904469637,704.0
824.3818433804748,710.0
824.633182010209,701.0
824.8845063290348,705.0
825.1358163298222,696.0
825.38711200544,707.0
825.6383933487573,705.0
825.8896603526434,696.0
826.1409130099674,704.0
826.3921513135988,708.0
826.6433752564062,713.0
826.8945848312592,773.0
827.145780031027,730.0
827.3969608485786,709.0
827.6481272767832,682.0
827.8992793085099,712.0
828.1504169366282,697.0
828.401540154007,700.0
828.6526489535156,705.0
828.9037433280232,710.0
829.1548232703988,694.0
829.4058887735117,688.0
829.656939830231,698.0
829.907976433426,704.0
830.1589985759659,698.0
830.41000625072,697.0
830.6609994505571,688.0
830.9119781683466,704.0
831.1629423969576,712.0
831.4138921292595,701.0
831.6648273581212,701.0
831.9157480764121,713.0
832.1666542770012,702.0
832.4175459527578,688.0
832.6684230965509,682.0
832.9192857012499,695.0
833.1701337597241,698.0
833.4209672648421,695.0
833.6717862094738,678.0
833.922590586488,690.0
834.1733803887538,705.0
834.4241556091404,700.0
834.6749162405172,695.0
834.9256622757533,688.0
835.1763937077179,695.0
835.42711052928,698.0
835.677812733309,696.0
835.9285003126737,699.0
836.1791732602438,704.0
836.4298315688883,697.0
836.6804752314763,701.0
836.9311042408768,716.0
837.1817185899594,738.0
837.4323182715929,715.0
837.6829032786467,707.0
837.9334736039899,699.0
838.1840292404919,709.0
838.4345701810214,707.0
838.685096418448,692.0
838.9356079456406,714.0
839.1861047554687,726.0
839.4365868408012,703.0
839.6870541945075,699.0
839.9375068094566,708.0
840.1879446785176,714.0
840.43836779456,708.0
840.6887761504527,675.0
840.939169739065,707.0
841.1895485532661,713.0
841.4399125859252,706.0
841.6902618299113,698.0
841.9405962780937,726.0
842.1909159233415,713.0
842.4412207585241,702.0
842.6915107765105,693.0
842.9417859701699,695.0
843.1920463323717,700.0
843.4422918559846,712.0
843.6925225338782,687.0
843.9427383589214,704.0
844.1929393239836,707.0
844.443125421934,693.0
844.6932966456417,700.0
844.9434529879758,705.0
845.1935944418055,691.0
845.4437210000001,689.0
845.6938326554284,697.0
845.9439294009602,702.0
846.1940112294642,700.0
846.44407813381,690.0
846.6941301068663,715.0
846.9441671415025,715.0
847.1941892305878,705.0
847.4441963669914,699.0
847.6941885435823,689.0
847.94416575323,708.0
848.1941279888034,709.0
848.4440752431718,712.0
848.6940075092043,699.0
848.9439247797702,701.0
849.1938270477386,706.0
849.4437143059788,698.0
849.6935865473599,673.0
849.943443764751,695.0
850.1932859510213,715.0
850.44311309904,702.0
850.6929252016763,727.0
850.9427222517994,700.0
851.1925042422785,717.0
851.4422711659828,692.0
851.6920230157813,694.0
851.9417597845433,698.0
852.1914814651379,721.0
852.4411880504346,701.0
852.6908795333022,700.0
852.94055590661,659.0
853.1902171632273,682.0
853.439863296023,692.0
853.6894942978665,716.0
853.939110161627,718.0
854.1887108801737,718.0
854.4382964463757,703.0
854.6878668531022,697.0
854.9374220932222,690.0
855.1869621596051,709.0
855.4364870451199,700.0
855.6859967426361,697.0
855.9354912450226,692.0
856.1849705451488,710.0
856.4344346358836,704.0
856.6838835100962,688.0
856.9333171606561,698.0
857.1827355804322,708.0
857.4321387622938,701.0
857.6815266991099,698.0
857.93089938375,676.0
858.1802568090831,696.0
858.4295989679781,696.0
858.6789258533048,699.0
858.9282374579318,681.0
859.1775337747288,708.0
859.4268147965645,696.0
859.6760805163083,697.0
859.9253309268292,705.0
860.1745660209968,705.0
860.42378579168,694.0
860.6729902317479,695.0
860.9221793340698,692.0
861.1713530915149,707.0
861.4205114969524,711.0
861.6696545432512,705.0
861.9187822232808,713.0
862.1678945299104,714.0
862.416991456009,685.0
862.6660729944458,693.0
862.91513913809,696.0
863.1641898798108,704.0
863.4132252124774,698.0
863.662245128959,719.0
863.9112496221246,705.0
864.1602386848438,706.0
864.4092123099853,704.0
864.6581704904183,702.0
864.9071132190124,699.0
865.1560404886367,698.0
865.40495229216,692.0
865.6538486224517,696.0
865.9027294723811,692.0
866.1515948348172,714.0
866.4004447026291,693.0
866.6492790686862,685.0
866.8980979258577,696.0
867.1469012670126,695.0
867.3956890850201,684.0
867.6444613727496,691.0
867.8932181230699,724.0
868.1419593288506,714.0
868.3906849829606,696.0
868.6393950782692,721.0
868.8880896076455,710.0
869.1367685639588,702.0
869.385431940078,682.0
869.6340797288726,694.0
869.8827119232118,695.0
870.1313285159645,695.0
870.3799295,682.0
870.6285148681875,710.0
870.8770846133963,706.0
871.1256387284952,701.0
871.3741772063539,699.0
871.6227000398412,696.0
871.8712072218264,701.0
872.1196987451788,695.0
872.3681746027675,704.0
872.6166347874613,711.0
872.86507929213,705.0
873.1135081096423,691.0
873.3619212328679,691.0
873.6103186546754,704.0
873.8587003679343,707.0
874.1070663655138,684.0
874.3554166402829,702.0
874.6037511851108,712.0
874.852069992867,694.0
875.1003730564203,716.0
875.34866036864,715.0
875.5969319223954,711.0
875.8451877105554,716.0
876.0934277259895,702.0
876.3416519615668,703.0
876.5898604101562,703.0
876.8380530646273,695.0
877.086229917849,690.0
877.3343909626906,698.0
877.582536192021,714.0
877.83066559871,701.0
878.0787791756262,712.0
878.326876915639,710.0
878.5749588116176,690.0
878.8230248564311,709.0
879.0710750429487,717.0
879.3191093640396,690.0
879.5671278125731,699.0
879.8151303814182,697.0
880.063117063444,718.0
880.3110878515199,709.0
880.5590427385151,713.0
880.8069817172985,712.0
881.0549047807397,716.0
881.3028119217075,692.0
881.5507031330712,711.0
881.7985784077001,707.0
882.0464377384632,727.0
882.2942811182297,704.0
882.5421085398689,690.0
882.78991999625,708.0
883.037715480242,699.0
883.2854949847142,695.0
883.5332585025358,711.0
883.7810060265759,710.0
884.0287375497037,704.0
884.2764530647885,696.0
884.5241525646992,704.0
884.7718360423053,694.0
885.0195034904759,711.0
885.2671549020798,690.0
885.5147902699869,706.0
885.7624095870657,698.0
886.0100128461859,716.0
886.2576000402163,691.0
886.5051711620263,703.0
886.7527262044848,729.0
887.0002651604613,708.0
887.2477880228248,686.0
887.4952947844447,707.0
887.74278543819,719.0
887.9902599769299,714.0
888.2377183935334,707.0
888.4851606808699,704.0
888.7325868318087,713.0
888.9799968392186,711.0
889.2273906959693,706.0
889.4747683949295,708.0
889.7221299289686,708.0
889.9694752909556,699.0
890.2168044737599,694.0
890.4641174702507,694.0
890.711414273297,702.0
890.9586948757681,689.0
891.2059592705331,703.0
891.4532074504613,698.0
891.7004394084216,691.0
891.9476551372835,711.0
892.1948546299161,705.0
892.4420378791885,700.0
892.6892048779699,705.0
892.9363556191297,706.0
893.1834900955366,698.0
893.4306083000602,714.0
893.6777102255695,708.0
893.9247958649338,709.0
894.171865211022,696.0
894.4189182567037,697.0
894.6659549948478,688.0
894.9129754183234,702.0
895.15997952,694.0
895.4069672927465,669.0
895.6539387294322,700.0
895.9008938229264,696.0
896.1478325660979,699.0
896.3947549518161,711.0
896.6416609729504,709.0
896.8885506223697,685.0
897.1354238929433,710.0
897.3822807775404,701.0
897.62912126903,693.0
897.8759453602814,713.0
898.1227530441638,706.0
898.3695443135464,710.0
898.6163191612983,704.0
898.8630775802887,708.0
899.1098195633868,715.0
899.3565451034618,698.0
899.6032541933828,710.0
899.8499468260193,695.0
900.09662299424,698.0
900.3432826909144,692.0
900.5899259089115,698.0
900.8365526411005,712.0
901.0831628803506,710.0
901.3297566195312,705.0
901.5763338515112,713.0
901.8228945691599,701.0
902.0694387653465,698.0
902.3159664329402,696.0
902.56247756481,704.0
902.8089721538252,683.0
903.055450192855,705.0
903.3019116747686,687.0
903.5483565924351,701.0
903.7947849387238,703.0
904.0411967065037,684.0
904.287591888644,688.0
904.5339704780141,692.0
904.7803324674829,717.0
905.0266778499199,692.0
905.2730066181941,701.0
905.5193187651747,711.0
905.7656142837307,719.0
906.0118931667314,710.0
906.2581554070462,711.0
906.5044009975439,710.0
906.7506299310942,720.0
906.9968422005658,722.0
907.243037798828,692.0
907.4892167187498,690.0
907.735378953201,707.0
907.9815244950502,707.0
908.2276533371668,716.0
908.4737654724199,718.0
908.7198608936787,707.0
908.9659395938125,699.0
909.2120015656902,700.0
909.4580468021813,705.0
909.7040752961548,709.0
909.95008704048,710.0
910.1960820280259,698.0
910.4420602516618,714.0
910.6880217042568,700.0
910.9339663786803,697.0
911.1798942678013,689.0
911.4258053644888,696.0
911.6716996616125,704.0
911.917577152041,693.0
912.1634378286437,719.0
912.4092816842899,714.0
912.6551087118488,692.0
912.9009189041894,699.0
913.146712254181,693.0
913.3924887546926,694.0
913.6382483985938,688.0
913.8839911787531,694.0
914.1297170880404,707.0
914.3754261193245,699.0
914.6211182654747,691.0
914.86679351936,688.0
915.1124518738497,696.0
915.3580933218129,690.0
915.603717856119,709.0
915.849325469637,700.0
916.0949161552362,693.0
916.3404899057857,698.0
916.5860467141546,699.0
916.8315865732121,718.0
917.0771094758275,696.0
917.3226154148699,690.0
917.5681043832086,703.0
917.8135763737126,690.0
918.0590313792511,703.0
918.3044693926936,685.0
918.5498904069087,730.0
918.795294414766,708.0
919.0406814091347,691.0
919.2860513828838,701.0
919.5314043288824,694.0
919.77674024,689.0
920.0220591091055,714.0
920.2673609290681,716.0
920.5126456927572,698.0
920.7579133930419,693.0
921.0031640227912,717.0
921.2483975748745,709.0
921.4936140421609,704.0
921.7388134175193,700.0
921.9839956938193,690.0
922.2291608639299,704.0
922.4743089207204,712.0
922.7194398570598,706.0
922.9645536658173,699.0
923.2096503398623,708.0
923.4547298720637,721.0
923.6997922552908,707.0
923.9448374824129,718.0
924.189865546299,704.0
924.4348764398183,700.0
924.67987015584,694.0
924.9248466872333,707.0
925.1698060268674,711.0
925.4147481676115,711.0
925.6596731023346,689.0
925.9045808239063,687.0
926.1494713251953,692.0
926.3943445990709,690.0
926.6392006384025,694.0
926.8840394360592,709.0
927.1288609849099,713.0
927.3736652778242,698.0
927.6184523076711,718.0
927.8632220673195,711.0
928.107974549639,680.0
928.3527097474987,701.0
928.5974276537677,705.0
928.8421282613151,710.0
929.0868115630102,710.0
929.3314775517221,696.0
929.5761262203199,705.0
929.8207575616731,711.0
930.0653715686507,712.0
930.3099682341217,686.0
930.5545475509555,706.0
930.7991095120212,699.0
931.0436541101881,698.0
931.2881813383251,704.0
931.5326911893018,690.0
931.777183655987,706.0
932.02165873125,694.0
932.26611640796,715.0
932.5105566789862,695.0
932.7549795371978,710.0
932.9993849754638,713.0
933.2437729866537,707.0
933.4881435636365,708.0
933.7324966992813,711.0
933.9768323864573,688.0
934.2211506180338,714.0
934.4654513868799,711.0
934.7097346858649,718.0
934.9540005078578,709.0
935.1982488457279,696.0
935.4424796923444,707.0
935.6866930405762,696.0
935.9308888832928,705.0
936.1750672133633,691.0
936.4192280236568,698.0
936.6633713070427,705.0
936.90749705639,707.0
937.1516052645679,693.0
937.3956959244454,692.0
937.6397690288919,705.0
937.8838245707767,729.0
938.1278625429687,720.0
938.3718829383373,714.0
938.6158857497514,714.0
938.8598709700805,709.0
939.1038385921936,696.0
939.34778860896,688.0
939.5917210132487,691.0
939.8356357979291,700.0
940.0795329558701,717.0
940.3234124799411,713.0
940.5672743630112,701.0
940.8111185979496,721.0
941.0549451776255,718.0
941.2987540949082,692.0
941.5425453426666,699.0
941.7863189137701,709.0
942.0300748010875,716.0
942.2738129974887,704.0
942.5175334958421,705.0
942.7612362890175,696.0
943.0049213698837,686.0
943.2485887313101,714.0
943.4922383661656,713.0
943.7358702673197,711.0
943.9794844276414,692.0
944.22308084,699.0
944.4666594972645,717.0
944.7102203923042,704.0
944.9537635179884,700.0
945.1972888671858,709.0
945.4407964327662,704.0
945.6842862075985,713.0
945.9277581845517,714.0
946.1712123564953,696.0
946.4146487162984,704.0
946.65806725683,717.0
946.9014679709593,716.0
947.1448508515557,706.0
947.3882158914884,701.0
947.6315630836262,683.0
947.8748924208387,695.0
948.1182038959947,706.0
948.3614975019639,714.0
948.6047732316149,700.0
948.8480310778173,692.0
949.09127103344,705.0
949.3344930913523,727.0
949.5776972444235,712.0
949.8208834855225,714.0
950.0640518075187,705.0
950.3072022032811,709.0
950.5503346656792,727.0
950.793449187582,711.0
951.0365457618586,688.0
951.2796243813781,700.0
951.52268503901,682.0
951.7657277276232,717.0
952.008752440087,689.0
952.2517591692706,686.0
952.4947479080432,720.0
952.7377186492738,697.0
952.9806713858316,693.0
953.223606110586,701.0
953.466522816406,704.0
953.7094214961611,694.0
953.95230214272,699.0
954.1951647489522,700.0
954.4380093077266,709.0
954.6808358119126,705.0
954.9236442543795,704.0
955.1664346279962,707.0
955.409206925632,715.0
955.6519611401562,701.0
955.8946972644377,700.0
956.137415291346,708.0
956.38011521375,714.0
956.622797024519,694.0
956.8654607165222,696.0
957.1081062826288,716.0
957.350733715708,693.0
957.5933430086287,709.0
957.8359341542604,698.0
958.0785071454723,709.0
958.3210619751334,714.0
958.5635986361128,707.0
958.8061171212801,713.0
959.0486174235039,698.0
959.2910995356538,700.0
959.5335634505989,700.0
959.7760091612082,700.0
960.0184366603513,683.0
960.2608459408968,699.0
960.5032369957144,705.0
960.7456098176729,704.0
960.9879643996417,689.0
961.2303007344899,697.0
961.4726188150869,708.0
961.7149186343015,687.0
961.957200185003,696.0
962.1994634600607,708.0
962.4417084523436,716.0
962.6839351547212,708.0
962.9261435600624,706.0
963.1683336612365,688.0
963.4105054511127,699.0
963.6526589225599,689.0
963.8947940684476,711.0
964.136910881645,684.0
964.379009355021,710.0
964.6210894814451,697.0
964.8631512537862,696.0
965.1051946649137,698.0
965.3472197076966,714.0
965.589226375004,700.0
965.8312146597054,706.0
966.07318455467,703.0
966.3151360527665,704.0
966.5570691468646,705.0
966.7989838298331,714.0
967.0408800945415,697.0
967.2827579338588,715.0
967.524617340654,693.0
967.7664583077967,701.0
968.0082808281558,708.0
968.2500848946005,702.0
968.4918704999999,709.0
968.7336376372235,722.0
968.9753862991402,693.0
969.2171164786192,706.0
969.4588281685299,708.0
969.7005213617413,693.0
969.9421960511224,707.0
970.1838522295427,717.0
970.4254898898713,686.0
970.6671090249773,686.0
970.9087096277299,713.0
971.1502916909984,700.0
971.3918552076518,687.0
971.6334001705594,704.0
971.8749265725903,709.0
972.1164344066137,709.0
972.3579236654988,693.0
972.5993943421149,706.0
972.840846429331,718.0
973.0822799200162,712.0
973.3236948070399,696.0
973.5650910832712,688.0
973.8064687415794,689.0
974.0478277748334,715.0
974.2891681759027,709.0
974.5304899376562,700.0
974.7717930529632,700.0
975.0130775146929,706.0
975.2543433157146,689.0
975.4955904488971,706.0
975.7368189071101,713.0
975.9780286832222,693.0
976.219219770103,706.0
976.4603921606216,690.0
976.701545847647,699.0
976.9426808240487,679.0
977.1837970826956,705.0
977.4248946164571,716.0
977.665973418202,706.0
977.9070334808,707.0
978.14807479712,690.0
978.3890973600311,696.0
978.6301011624026,710.0
978.8710861971036,702.0
979.1120524570034,701.0
979.3529999349711,690.0
979.5939286238761,707.0
979.8348385165872,699.0
980.0757296059737,693.0
980.3166018849049,704.0
980.55745534625,705.0
980.7982899828779,709.0
981.0391057876582,695.0
981.2799027534597,686.0
981.520680873152,710.0
981.7614401396038,697.0
982.0021805456845,709.0
982.2429020842633,684.0
982.4836047482092,705.0
982.7242885303917,699.0
982.96495342368,691.0
983.2055994209429,712.0
983.4462265150498,688.0
983.6868346988699,705.0
983.9274239652722,701.0
984.1679943071262,706.0
984.4085457173009,696.0
984.6490781886654,710.0
984.889591714089,697.0
985.1300862864408,713.0
985.3705618985899,716.0
985.6110185434057,713.0
985.8514562137574,700.0
986.091874902514,699.0
986.3322746025447,695.0
986.5726553067187,707.0
986.8130170079053,721.0
987.0533596989734,697.0
987.2936833727925,704.0
987.5339880222316,704.0
987.77427364016,706.0
988.0145402194468,693.0
988.2547877529611,702.0
988.4950162335721,706.0
988.7352256541491,702.0
988.9754160075612,697.0
989.2155872866776,709.0
989.4557394843675,711.0
989.6958725935002,715.0
989.9359866069444,705.0
990.1760815175699,710.0
990.4161573182456,688.0
990.6562140018406,689.0
990.8962515612242,720.0
991.1362699892655,718.0
991.3762692788338,696.0
991.616249422798,715.0
991.8562104140276,710.0
992.0961522453917,702.0
992.3360749097594,709.0
992.5759783999999,694.0
992.8158627089825,694.0
993.0557278295762,695.0
993.2955737546503,689.0
993.5354004770738,685.0
993.7752079897163,713.0
994.0149962854465,709.0
994.2547653571338,709.0
994.4945151976473,704.0
994.7342457998564,695.0
994.9739571566299,701.0
995.2136492608373,712.0
995.4533221053478,702.0
995.6929756830303,693.0
995.9326099867543,707.0
996.1722250093886,712.0
996.4118207438028,708.0
996.6513971828659,704.0
996.8909543194469,686.0
997.1304921464152,692.0
997.37001065664,711.0
997.6095098429903,673.0
997.8489896983355,698.0
998.0884502155444,704.0
998.3278913874867,702.0
998.5673132070311,675.0
998.8067156670472,712.0
999.046098760404,700.0
999.2854624799705,691.0
999.5248068186161,690.0
999.7641317692099,693.0
1000.0034373246212,706.0
1000.2427234777189,703.0
1000.4819902213726,706.0
1000.7212375484511,730.0
1000.9604654518236,721.0
1001.1996739243597,696.0
1001.4388629589282,706.0
1001.6780325483982,691.0
1001.917182685639,697.0
1002.1563133635199,705.0
1002.39542457491,705.0
1002.6345163126784,720.0
1002.8735885696947,706.0
1003.1126413388275,695.0
1003.3516746129462,697.0
1003.59068838492,709.0
1003.8296826476181,701.0
1004.0686573939096,695.0
1004.3076126166637,704.0
1004.5465483087501,709.0
1004.7854644630372,715.0
1005.0243610723942,696.0
1005.2632381296906,688.0
1005.502095627796,698.0
1005.7409335595787,709.0
1005.9797519179083,693.0
1006.2185506956544,690.0
1006.4573298856855,676.0
1006.696089480871,701.0
1006.93482947408,705.0
1007.173549858182,698.0
1007.4122506260458,694.0
1007.6509317705409,699.0
1007.8895932845362,693.0
1008.1282351609013,701.0
1008.3668573925047,699.0
1008.6054599722162,720.0
1008.844042892905,705.0
1009.0826061474397,728.0
1009.3211497286899,711.0
1009.5596736295249,708.0
1009.7981778428134,711.0
1010.0366623614248,717.0
1010.2751271782286,699.0
1010.5135722860937,689.0
1010.7519976778892,691.0
1010.9904033464843,685.0
1011.2287892847487,685.0
1011.4671554855506,690.0
1011.7055019417598,694.0
1011.9438286462457,699.0
1012.1821355918771,700.0
1012.420422771523,688.0
1012.6586901780531,715.0
1012.8969378043363,688.0
1013.1351656432415,707.0
1013.3733736876385,700.0
1013.6115619303961,702.0
1013.8497303643837,682.0
1014.08787898247,714.0
1014.3260077775244,719.0
1014.5641167424167,702.0
1014.8022058700152,687.0
1015.0402751531893,714.0
1015.2783245848087,712.0
1015.5163541577421,691.0
1015.7543638648586,691.0
1015.9923536990277,696.0
1016.2303236531186,706.0
1016.4682737199998,708.0
1016.7062038925413,698.0
1016.9441141636122,696.0
1017.1820045260814,699.0
1017.419874972818,700.0
1017.6577254966912,716.0
1017.8955560905706,706.0
1018.1333667473248,681.0
1018.3711574598233,700.0
1018.6089282209354,716.0
1018.8466790235301,700.0
1019.0844098604762,725.0
1019.3221207246439,699.0
1019.5598116089016,705.0
1019.7974825061183,698.0
1020.0351334091636,680.0
1020.272764310907,696.0
1020.5103752042169,695.0
1020.7479660819627,697.0
1020.9855369370143,704.0
1021.2230877622401,726.0
1021.4606185505094,702.0
1021.6981292946913,687.0
1021.9356199876556,701.0
1022.1730906222706,705.0
1022.4105411914061,718.0
1022.6479716879311,703.0
1022.8853821047151,700.0
1023.1227724346265,704.0
1023.3601426705352,694.0
1023.5974928053099,708.0
1023.8348228318201,698.0
1024.0721327429349,704.0
1024.3094225315235,716.0
1024.5466921904554,693.0
1024.7839417125988,684.0
1025.0211710908236,704.0
1025.2583803179991,710.0
1025.4955693869942,696.0
1025.732738290678,703.0
1025.96988702192,690.0
1026.2070155735892,700.0
1026.4441239385546,697.0
1026.6812121096855,707.0
1026.9182800798517,705.0
1027.1553278419212,713.0
1027.392355388764,688.0
1027.629362713249,691.0
1027.866349808246,697.0
1028.1033166666227,720.0
1028.34026328125,693.0
1028.577189644996,691.0
1028.8140957507303,705.0
1029.0509815913217,702.0
1029.28784715964,693.0
1029.5246924485539,698.0
1029.7615174509324,681.0
1029.998322159645,710.0
1030.2351065675614,699.0
1030.4718706675499,696.0
1030.7086144524799,706.0
1030.9453379152208,698.0
1031.1820410486416,705.0
1031.4187238456118,708.0
1031.6553862990004,696.0
1031.8920284016763,699.0
1032.128650146509,691.0
1032.3652515263673,699.0
1032.601832534121,685.0
1032.8383931626388,688.0
1033.0749334047898,685.0
1033.311453253444,712.0
1033.5479527014695,693.0
1033.784431741736,684.0
1034.0208903671125,692.0
1034.2573285704689,685.0
1034.4937463446731,685.0
1034.7301436825953,712.0
1034.9665205771046,690.0
1035.2028770210698,691.0
1035.43921300736,696.0
1035.6755285288448,685.0
1035.911823578393,687.0
1036.1480981488742,696.0
1036.384352233157,691.0
1036.6205858241112,716.0
1036.8567989146056,696.0
1037.0929914975095,711.0
1037.3291635656922,704.0
1037.5653151120225,714.0
1037.8014461293699,715.0
1038.0375566106036,702.0
1038.2736465485928,710.0
1038.5097159362062,693.0
1038.7457647663132,685.0
1038.9817930317836,685.0
1039.217800725486,702.0
1039.4537878402896,693.0
1039.6897543690636,700.0
1039.9257003046775,698.0
1040.16162564,690.0
1040.3975303679003,710.0
1040.633414481248,700.0
1040.8692779729124,707.0
1041.105120835762,701.0
1041.3409430626662,713.0
1041.5767446464945,715.0
1041.8125255801156,704.0
1042.0482858563994,701.0
1042.2840254682144,699.0
1042.5197444084301,716.0
1042.7554426699155,699.0
1042.9911202455396,692.0
1043.2267771281724,693.0
1043.4624133106822,677.0
1043.6980287859387,704.0
1043.9336235468108,707.0
1044.1691975861681,717.0
1044.4047508968788,710.0
1044.640283471813,717.0
1044.87579530384,690.0
1045.1112863858282,696.0
1045.3467567106472,684.0
1045.5822062711666,698.0
1045.8176350602548,691.0
1046.0530430707813,698.0
1046.2884302956154,714.0
1046.5237967276262,700.0
1046.7591423596823,685.0
1046.994467184654,690.0
1047.22977119541,691.0
1047.4650543848195,712.0
1047.7003167457513,688.0
1047.9355582710746,689.0
1048.1707789536592,705.0
1048.4059787863737,700.0
1048.6411577620875,707.0
1048.8763158736701,698.0
1049.1114531139904,694.0
1049.3465694759168,704.0
1049.58166495232,713.0
1049.8167395360683,698.0
1050.0517932200305,696.0
1050.2868259970767,712.0
1050.5218378600755,728.0
1050.7568288018963,722.0
1050.991798815408,699.0
1051.2267478934803,696.0
1051.4616760289819,693.0
1051.6965832147819,708.0
1051.9314694437498,704.0
1052.166334708755,705.0
1052.4011790026661,702.0
1052.6360023183527,680.0
1052.870804648684,695.0
1053.105585986529,707.0
1053.3403463247564,704.0
1053.575085656236,712.0
1053.8098039738372,719.0
1054.0445012704288,717.0
1054.2791775388798,687.0
1054.51383277206,700.0
1054.748466962838,683.0
1054.9830801040828,690.0
1055.2176721886644,683.0
1055.4522432094514,692.0
1055.6867931593129,705.0
1055.9213220311183,709.0
1056.155829817737,698.0
1056.390316512038,713.0
1056.62478210689,692.0
1056.8592265951627,698.0
1057.0936499697254,704.0
1057.328052223447,709.0
1057.5624333491967,695.0
1057.7967933398438,697.0
1058.0311321882575,695.0
1058.2654498873062,699.0
1058.4997464298606,711.0
1058.7340218087886,698.0
1058.9682760169599,714.0
1059.2025090472437,689.0
1059.436720892509,704.0
1059.6709115456251,694.0
1059.905080999461,676.0
1060.1392292468863,700.0
1060.37335628077,699.0
1060.6074620939805,713.0
1060.8415466793879,714.0
1061.0756100298615,693.0
1061.30965213827,695.0
1061.5436729974824,699.0
1061.7776726003685,698.0
1062.0116509397972,713.0
1062.2456080086374,702.0
1062.4795437997586,710.0
1062.7134583060301,691.0
1062.9473515203206,692.0
1063.1812234354995,692.0
1063.4150740444363,710.0
1063.64890334,719.0
1063.8827113150594,698.0
1064.1164979624841,714.0
1064.3502632751433,688.0
1064.5840072459057,704.0
1064.8177298676412,693.0
1065.0514311332183,694.0
1065.285111035507,695.0
1065.5187695673753,720.0
1065.7524067216932,706.0
1065.9860224913302,706.0
1066.2196168691544,713.0
1066.4531898480357,700.0
1066.6867414208434,722.0
1066.9202715804463,708.0
1067.1537803197136,695.0
1067.3872676315148,689.0
1067.620733508719,691.0
1067.854177944195,696.0
1068.0876009308122,691.0
1068.32100246144,701.0
1068.5543825289476,694.0
1068.7877411262034,710.0
1069.0210782460776,685.0
1069.2543938814388,699.0
1069.4876880251563,708.0
1069.7209606700992,696.0
1069.954211809137,691.0
1070.1874414351385,697.0
1070.420649540973,701.0
1070.65383611951,711.0
1070.8870011636184,704.0
1071.1201446661669,686.0
1071.3532666200256,689.0
1071.5863670180631,716.0
1071.8194458531486,705.0
1072.0525031181514,701.0
1072.285538805941,706.0
1072.5185529093862,701.0
1072.751545421356,704.0
1072.9845163347197,698.0
1073.2174656423472,695.0
1073.4503933371066,696.0
1073.6832994118674,700.0
1073.9161838594994,711.0
1074.1490466728715,692.0
1074.3818878448521,717.0
1074.614707368311,701.0
1074.8475052361177,706.0
1075.0802814411409,680.0
1075.31303597625,693.0
1075.545768834314,705.0
1075.7784800082022,702.0
1076.011169490784,705.0
1076.2438372749277,716.0
1076.4764833535037,706.0
1076.7091077193804,708.0
1076.941710365427,698.0
1077.1742912845134,702.0
1077.406850469508,705.0
1077.63938791328,690.0
1077.8719036086989,697.0
1078.1043975486339,716.0
1078.3368697259539,708.0
1078.569320133528,709.0
1078.8017487642262,712.0
1079.034155610917,692.0
1079.2665406664692,698.0
1079.4989039237528,709.0
1079.731245375637,711.0
1079.9635650149899,708.0
1080.1958628346817,696.0
1080.4281388275815,696.0
1080.6603929865578,714.0
1080.8926253044806,691.0
1081.1248357742188,708.0
1081.3570243886415,681.0
1081.5891911406175,699.0
1081.8213360230163,714.0
1082.0534590287077,697.0
1082.2855601505598,692.0
1082.5176393814427,706.0
1082.7496967142251,705.0
1082.9817321417763,701.0
1083.213745656965,696.0
1083.4457372526613,706.0
1083.6777069217337,705.0
1083.9096546570515,710.0
1084.1415804514838,710.0
1084.3734842979004,697.0
1084.6053661891701,704.0
1084.8372261181617,689.0
1085.0690640777445,692.0
1085.3008800607884,700.0
1085.5326740601615,701.0
1085.7644460687336,694.0
1085.9961960793742,680.0
1086.2279240849518,685.0
1086.4596300783357,696.0
1086.6913140523952,693.0
1086.922976,686.0
1087.1546159140184,697.0
1087.3862337873202,696.0
1087.6178296127744,692.0
1087.8494033832499,707.0
1088.080955091616,710.0
1088.3124847307424,700.0
1088.5439922934977,684.0
1088.7754777727512,707.0
1089.0069411613722,694.0
1089.23838245223,688.0
1089.4698016381935,713.0
1089.7011987121316,714.0
1089.9325736669143,712.0
1090.1639264954104,705.0
1090.3952571904888,710.0
1090.6265657450188,700.0
1090.8578521518698,715.0
1091.0891164039108,700.0
1091.320358494011,707.0
1091.55157841504,696.0
1091.7827761598664,705.0
1092.0139517213595,716.0
1092.2451050923883,711.0
1092.4762362658228,713.0
1092.7073452345312,688.0
1092.938431991383,704.0
1093.169496529248,696.0
1093.4005388409946,711.0
1093.6315589194921,712.0
1093.8625567576098,718.0
1094.0935323482172,692.0
1094.324485684183,708.0
1094.5554167583764,698.0
1094.786325563667,685.0
1095.0172120929237,697.0
1095.2480763390156,672.0
1095.478918294812,700.0
1095.7097379531822,704.0
1095.9405353069951,690.0
1096.1713103491197,697.0
1096.402063072426,695.0
1096.6327934697827,692.0
1096.8635015340587,693.0
1097.0941872581234,691.0
1097.3248506348464,713.0
1097.555491657096,698.0
1097.786110317742,691.0
1098.0167066096537,706.0
1098.2472805257,698.0
1098.4778320587498,706.0
1098.708361201673,702.0
1098.9388679473382,708.0
1099.1693522886146,712.0
1099.3998142183718,697.0
1099.6302537294787,696.0
1099.8606708148043,694.0
1100.0910654672182,706.0
1100.3214376795893,705.0
1100.551787444787,714.0
1100.78211475568,704.0
1101.012419605138,701.0
1101.2427019860297,689.0
1101.472961891225,697.0
1101.7031993135922,698.0
1101.9334142460011,691.0
1102.163606681321,709.0
1102.3937766124204,706.0
1102.6239240321688,706.0
1102.8540489334357,699.0
1103.08415130909,696.0
1103.3142311520007,699.0
1103.5442884550375,704.0
1103.7743232110693,694.0
1104.0043354129648,688.0
1104.2343250535937,694.0
1104.4642921258253,703.0
1104.6942366225285,716.0
1104.9241585365723,696.0
1105.1540578608267,698.0
1105.3839345881602,728.0
1105.6137887114417,713.0
1105.843620223541,706.0
1106.0734291173271,706.0
1106.303215385669,719.0
1106.532979021436,707.0
1106.7627200174977,701.0
1106.9924383667226,718.0
1107.2221340619801,718.0
1107.4518070961394,698.0
1107.68145746207,706.0
1107.9110851526407,711.0
1108.1406901607204,712.0
1108.3702724791792,689.0
1108.5998321008858,712.0
1108.8293690187086,693.0
1109.058883225518,697.0
1109.2883747141827,703.0
1109.5178434775717,705.0
1109.7472895085543,712.0
1109.9767128,715.0
1110.2061133447776,714.0
1110.4354911357561,701.0
1110.6648461658053,706.0
1110.8941784277938,705.0
1111.1234879145911,704.0
1111.3527746190662,693.0
1111.5820385340887,717.0
1111.8112796525272,689.0
1112.0404979672512,698.0
1112.26969347113,710.0
1112.4988661570326,698.0
1112.7280160178277,707.0
1112.9571430463852,704.0
1113.1862472355745,691.0
1113.4153285782636,702.0
1113.6443870673227,718.0
1113.873422695621,705.0
1114.102435456027,706.0
1114.3314253414103,704.0
1114.56039234464,698.0
1114.7893364585852,688.0
1115.0182576761154,715.0
1115.2471559900994,716.0
1115.4760313934066,695.0
1115.7048838789065,692.0
1115.9337134394673,719.0
1116.162520067959,695.0
1116.3913037572506,690.0
1116.6200645002111,706.0
1116.8488022897097,696.0
1117.0775171186162,692.0
1117.3062089797993,711.0
1117.5348778661275,712.0
1117.7635237704712,715.0
1117.9921466856988,716.0
1118.2207466046796,706.0
1118.4493235202829,714.0
1118.677877425378,694.0
1118.9064083128344,707.0
1119.13491617552,699.0
1119.3634010063051,710.0
1119.5918627980586,700.0
1119.8203015436497,704.0
1120.0487172359474,694.0
1120.2771098678213,691.0
1120.50547943214,719.0
1120.733825921773,713.0
1120.9621493295897,703.0
1121.190449648459,704.0
1121.4187268712499,683.0
1121.646980990832,713.0
1121.875212000074,709.0
1122.1034198918458,698.0
1122.3316046590157,704.0
1122.5597662944538,701.0
1122.7879047910287,694.0
1123.0160201416093,695.0
1123.2441123390652,708.0
1123.472181376266,696.0
1123.70022724608,696.0
1123.9282499413766,704.0
1124.1562494550258,696.0
1124.384225779896,695.0
1124.6121789088563,690.0
1124.8401088347762,734.0
1125.068015550525,705.0
1125.2958990489715,713.0
1125.523759322985,701.0
1125.7515963654348,698.0
1125.97941016919,718.0
1126.20720072712,708.0
1126.4349680320934,685.0
1126.66271207698,701.0
1126.8904328546485,686.0
1127.1181303579688,708.0
1127.3458045798093,707.0
1127.5734555130396,706.0
1127.8010831505285,706.0
1128.0286874851456,704.0
1128.25626850976,697.0
1128.4838262172407,695.0
1128.7113606004568,707.0
1128.938871652278,700.0
1129.166359365573,697.0
1129.393823733211,687.0
1129.6212647480618,692.0
1129.8486824029935,721.0
1130.076076690876,708.0
1130.3034476045787,709.0
1130.53079513697,712.0
1130.7581192809196,696.0
1130.9854200292964,691.0
1131.2126973749703,696.0
1131.4399513108094,690.0
1131.6671818296836,705.0
1131.894388924462,700.0
1132.1215725880136,705.0
1132.3487328132076,693.0
1132.5758695929133,686.0
1132.80298292,713.0
1133.0300727873366,692.0
1133.2571391877923,691.0
1133.4841821142363,704.0
1133.711201559538,708.0
1133.938197516566,715.0
1134.1651699781903,700.0
1134.3921189372797,704.0
1134.6190443867035,717.0
1134.8459463193303,706.0
1135.07282472803,699.0
1135.2996796056714,709.0
1135.5265109451238,706.0
1135.7533187392562,708.0
1135.9801029809382,685.0
1136.2068636630388,700.0
1136.433600778427,731.0
1136.6603143199718,698.0
1136.8870042805431,697.0
1137.1136706530094,708.0
1137.3403134302398,693.0
1137.5669326051043,731.0
1137.7935281704715,732.0
1138.0201001192104,706.0
1138.2466484441907,677.0
1138.4731731382813,712.0
1138.6996741943512,698.0
1138.9261516052698,686.0
1139.1526053639066,709.0
1139.37903546313,705.0
1139.6054418958097,709.0
1139.8318246548151,716.0
1140.058183733015,704.0
1140.2845191232784,713.0
1140.5108308184751,706.0
1140.737118811474,702.0
1140.9633830951436,682.0
1141.1896236623538,695.0
1141.415840505974,691.0
1141.6420336188733,712.0
1141.86820299392,700.0
1142.0943486239842,709.0
1142.3204705019348,706.0
1142.5465686206405,707.0
1142.7726429729714,706.0
1142.9986935517961,697.0
1143.2247203499842,710.0
1143.4507233604043,711.0
1143.6767025759257,690.0
1143.902657989418,686.0
1144.12858959375,705.0
1144.354497381791,717.0
1144.5803813464101,697.0
1144.806241480477,697.0
1145.03207777686,693.0
1145.2578902284286,702.0
1145.4836788280525,696.0
1145.7094435686001,731.0
1145.9351844429411,722.0
1146.1609014439448,711.0
1146.38659456448,718.0
1146.6122637974156,696.0
1146.8379091356217,695.0
1147.0635305719668,698.0
1147.2891280993201,712.0
1147.5147017105512,690.0
1147.740251398529,696.0
1147.9657771561226,720.0
1148.1912789762007,710.0
1148.4167568516339,709.0
1148.64221077529,684.0
1148.8676407400387,691.0
1149.0930467387493,710.0
1149.318428764291,692.0
1149.5437868095328,724.0
1149.7691208673436,694.0
1149.9944309305934,688.0
1150.2197169921506,690.0
1150.4449790448846,717.0
1150.6702170816645,713.0
1150.89543109536,691.0
1151.1206210788398,700.0
1151.3457870249727,712.0
1151.570928926629,706.0
1151.7960467766773,708.0
1152.0211405679863,709.0
1152.2462102934257,712.0
1152.4712559458646,708.0
1152.6962775181719,704.0
1152.9212750032173,733.0
1153.1462483938699,716.0
1153.3711976829986,704.0
1153.5961228634726,706.0
1153.821023928161,706.0
1154.0459008699336,708.0
1154.2707536816588,722.0
1154.495582356206,726.0
1154.7203868864447,707.0
1154.9451672652438,708.0
1155.1699234854725,702.0
1155.39465554,690.0
1155.6193634216954,704.0
1155.8440471234283,697.0
1156.0687066380672,708.0
1156.2933419584817,687.0
1156.5179530775413,680.0
1156.7425399881142,693.0
1156.9671026830706,702.0
1157.1916411552795,704.0
1157.4161553976094,709.0
1157.64064540293,683.0
1157.8651111641102,725.0
1158.0895526740196,711.0
1158.3139699255273,704.0
1158.5383629115024,694.0
1158.7627316248138,703.0
1158.9870760583308,705.0
1159.2113962049227,712.0
1159.435692057459,695.0
1159.659963608808,701.0
1159.8842108518397,705.0
1160.1084337794232,701.0
1160.3326323844276,714.0
1160.5568066597216,724.0
1160.7809565981745,729.0
1161.0050821926561,712.0
1161.229183436035,730.0
1161.453260321181,686.0
1161.6773128409625,697.0
1161.9013409882493,700.0
1162.12534475591,698.0
1162.3493241368142,700.0
1162.573279123831,707.0
1162.7972097098295,709.0
1163.0211158876791,715.0
1163.2449976502487,699.0
1163.4688549904079,678.0
1163.692687901025,687.0
1163.9164963749702,717.0
1164.140280405112,700.0
1164.36403998432,697.0
1164.587775105463,707.0
1164.8114857614105,704.0
1165.0351719450318,694.0
1165.2588336491956,696.0
1165.482470866771,693.0
1165.7060835906282,699.0
1165.9296718136352,691.0
1166.1532355286618,698.0
1166.376774728577,712.0
1166.60028940625,697.0
1166.82377955455,709.0
1167.0472451663463,711.0
1167.2706862345078,715.0
1167.494102751904,718.0
1167.7174947114036,716.0
1167.9408621058765,701.0
1168.164204928191,713.0
1168.387523171217,700.0
1168.610816827824,700.0
1168.83408589088,699.0
1169.0573303532549,701.0
1169.2805502078177,681.0
1169.503745447438,701.0
1169.7269160649842,702.0
1169.950062053326,711.0
1170.1731834053328,706.0
1170.3962801138737,701.0
1170.619352171817,686.0
1170.8423995720327,710.0
1171.06542230739,704.0
1171.2884203707579,694.0
1171.5113937550052,693.0
1171.734342453002,692.0
1171.957266457617,688.0
1172.1801657617189,714.0
1172.4030403581771,702.0
1172.6258902398615,695.0
1172.8487153996405,710.0
1173.0715158303835,719.0
1173.29429152496,723.0
1173.5170424762389,699.0
1173.7397686770892,695.0
1173.96247012038,689.0
1174.1851467989811,700.0
1174.4077987057613,692.0
1174.6304258335895,681.0
1174.8530281753356,698.0
1175.0756057238682,695.0
1175.2981584720562,693.0
1175.52068641277,711.0
1175.7431895388777,684.0
1175.9656678432486,696.0
1176.188121318752,709.0
1176.4105499582574,705.0
1176.6329537546337,717.0
1176.8553327007498,722.0
1177.0776867894756,693.0
1177.3000160136799,692.0
1177.5223203662313,703.0
1177.7445998399999,705.0
1177.9668544278545,707.0
1178.189084122664,706.0
1178.4112889172982,706.0
1178.6334688046259,703.0
1178.8556237775163,701.0
1179.0777538288385,699.0
1179.2998589514618,714.0
1179.5219391382552,710.0
1179.7439943820882,709.0
1179.9660246758299,706.0
1180.1880300123494,712.0
1180.410010384516,709.0
1180.6319657851984,687.0
1180.8538962072662,695.0
1181.0758016435886,709.0
1181.2976820870347,704.0
1181.5195375304736,695.0
1181.7413679667748,684.0
1181.9631733888075,694.0
1182.18495378944,688.0
1182.4067091615423,696.0
1182.6284394979834,696.0
1182.8501447916326,714.0
1183.0718250353586,718.0
1183.2934802220311,727.0
1183.5151103445194,709.0
1183.736715395692,694.0
1183.9582953684185,692.0
1184.1798502555682,709.0
1184.40138005001,717.0
1184.622884744613,684.0
1184.844364332247,702.0
1185.0658188057805,712.0
1185.2872481580828,726.0
1185.5086523820237,697.0
1185.7300314704719,699.0
1185.951385416296,704.0
1186.172714212366,707.0
1186.394017851551,718.0
1186.61529632672,698.0
1186.836549630742,716.0
1187.0577777564868,704.0
1187.2789806968228,726.0
1187.5001584446195,722.0
1187.721310992746,697.0
1187.9424383340722,699.0
1188.1635404614663,695.0
1188.3846173677975,706.0
1188.6056690459359,715.0
1188.82669548875,691.0
1189.047696689109,718.0
1189.2686726398822,713.0
1189.4896233339389,701.0
1189.7105487641477,704.0
1189.9314489233786,717.0
1190.1523238045004,701.0
1190.3731734003823,710.0
1190.5939977038934,710.0
1190.8147967079026,713.0
1191.0355704052802,705.0
1191.2563187888939,698.0
1191.4770418516136,712.0
1191.697739586309,709.0
1191.9184119858485,684.0
1192.1390590431013,707.0
1192.3596807509368,688.0
1192.5802771022243,698.0
1192.800848089833,709.0
1193.0213937066317,700.0
1193.24191394549,698.0
1193.462408799277,701.0
1193.6828782608613,701.0
1193.903322323113,697.0
1194.1237409789007,704.0
1194.3441342210936,723.0
1194.5645020425611,720.0
1194.7848444361723,704.0
1195.0051613947967,701.0
1195.2254529113025,707.0
1195.4457189785599,712.0
1195.6659595894378,705.0
1195.8861747368048,703.0
1196.106364413531,716.0
1196.3265286124852,705.0
1196.5466673265362,690.0
1196.7667805485535,708.0
1196.9868682714066,698.0
1197.2069304879642,698.0
1197.4269671910956,691.0
1197.6469783736698,704.0
1197.8669640285566,698.0
1198.0869241486246,689.0
1198.306858726743,697.0
1198.5267677557813,716.0
1198.7466512286087,698.0
1198.9665091380941,692.0
1199.1863414771067,709.0
1199.4061482385157,697.0
1199.6259294151903,705.0
1199.8456849999998,706.0
1200.0654149858135,717.0
1200.2851193655003,718.0
1200.5047981319292,692.0
1200.7244512779698,708.0
1200.944078796491,710.0
1201.1636806803624,694.0
1201.3832569224526,701.0
1201.6028075156314,700.0
1201.8223324527676,717.0
1202.0418317267302,696.0
1202.2613053303883,701.0
1202.480753256612,697.0
1202.7001754982693,718.0
1202.9195720482303,724.0
1203.1389428993637,700.0
1203.358288044539,707.0
1203.5776074766247,711.0
1203.796901188491,706.0
1204.0161691730061,699.0
1204.23541142304,696.0
1204.4546279314611,708.0
1204.6738186911393,709.0
1204.8929836949435,717.0
1205.1121229357425,713.0
1205.3312364064063,707.0
1205.5503240998032,704.0
1205.769386008803,705.0
1205.9884221262744,670.0
1206.2074324450873,702.0
1206.42641695811,698.0
1206.645375658212,698.0
1206.864308538263,706.0
1207.0832155911316,709.0
1207.302096809687,714.0
1207.5209521867987,702.0
1207.7397817153358,688.0
1207.958585388167,705.0
1208.177363198162,712.0
1208.39611513819,693.0
1208.61484120112,707.0
1208.833541379821,700.0
1209.0522156671625,705.0
1209.2708640560136,704.0
1209.4894865392434,689.0
1209.708083109721,704.0
1209.926653760316,704.0
1210.1451984838973,722.0
1210.3637172733338,706.0
1210.5822101214949,684.0
1210.80067702125,704.0
1211.0191179654678,693.0
1211.237532947018,696.0
1211.4559219587697,703.0
1211.674284993592,718.0
1211.8926220443539,702.0
1212.1109331039243,705.0
1212.3292181651734,702.0
1212.5474772209693,720.0
1212.7657102641817,700.0
1212.98391728768,686.0
1213.202098284333,709.0
1213.4202532470097,702.0
1213.6383821685797,702.0
1213.8564850419123,708.0
1214.0745618598762,704.0
1214.2926126153407,742.0
1214.5106373011754,724.0
1214.7286359102488,704.0
1214.9466084354306,706.0
1215.16455486959,707.0
1215.382475205596,712.0
1215.6003694363176,690.0
1215.818237554624,716.0
1216.0360795533848,720.0
1216.2538954254685,700.0
1216.4716851637452,692.0
1216.6894487610834,700.0
1216.9071862103526,702.0
1217.1248975044218,705.0
1217.34258263616,683.0
1217.5602415984367,704.0
1217.7778743841209,691.0
1217.995480986082,696.0
1218.213061397189,702.0
1218.4306156103114,705.0
1218.6481436183176,713.0
1218.8656454140776,717.0
1219.0831209904602,711.0
1219.3005703403344,694.0
1219.51799345657,699.0
1219.7353903320356,708.0
1219.952760959601,723.0
1220.1701053321342,728.0
1220.3874234425055,720.0
1220.6047152835838,700.0
1220.821980848238,711.0
1221.0392201293375,704.0
1221.2564331197518,700.0
1221.4736198123496,707.0
1221.6907802,692.0
1221.9079142755725,714.0
1222.1250220319362,693.0
1222.3421034619603,700.0
1222.559158558514,696.0
1222.7761873144661,699.0
1222.9931897226866,689.0
1223.2101657760436,699.0
1223.4271154674072,691.0
1223.6440387896464,697.0
1223.86093573563,716.0
1224.0778062982272,705.0
1224.2946504703077,706.0
1224.5114682447404,696.0
1224.7282596143941,696.0
1224.9450245721387,703.0
1225.1617631108431,697.0
1225.3784752233757,720.0
1225.595160902607,730.0
1225.8118201414054,706.0
1226.0284529326398,708.0
1226.24505926918,705.0
1226.4616391438954,705.0
1226.6781925496548,711.0
1226.8947194793266,708.0
1227.1112199257811,678.0
1227.3276938818872,721.0
1227.5441413405138,705.0
1227.7605622945302,708.0
1227.9769567368062,704.0
1228.19332466021,704.0
1228.409666057611,694.0
1228.6259809218789,726.0
1228.8422692458826,708.0
1229.058531022491,699.0
1229.2747662445736,697.0
1229.4909749049996,693.0
1229.707156996638,686.0
1229.9233125123583,711.0
1230.139441445029,694.0
1230.35554378752,698.0
1230.5716195327002,698.0
1230.7876686734385,706.0
1231.0036912026048,705.0
1231.2196871130675,692.0
1231.4356563976962,718.0
1231.65159904936,709.0
1231.8675150609283,717.0
